"","seq"
"1",">hg19_snp146_rs7625163 range=chr3:31175401-31175601 5'pad=100 3'pad=100 strand=+ repeatMasking=none "
"2","TCTTCCAAAATACAAGTAATAGTGGCTGACTCCCTTGCTCAGCAAACTGTGAACAGTAGCCTTTGTTTCTTCTCATTTTGCTTGTTGTCATTTACTTCCATCTTCCACTAGAAAAGAGAACCTTAAAAGTTAATGTTTATTGCCCCATAGAACATTAACCAGTTTTCTATATAGCCTAGCAATCTTATTTTAACATTTTTT"
"3",">hg19_snp146_rs8011622 range=chr14:76383375-76383575 5'pad=100 3'pad=100 strand=+ repeatMasking=none "
"4","AGAGGGGAATAGGATGTTTTTGTTTAATGGGCACAGAGTTGCAGTTTTGCAGGATGCAGAGTTCTGGAGCTGAATGATGGGATGGTCGTGCAGCGTGAATGCACTTAATGCCACTGAACTGTACACTTGAAATTGTTAGGATGGTAAAGTTTATGTTACATGTATTTTGCCACAATTTTTAAAGAAAGATTATAGATTGTG"
"5",">hg19_snp146_rs7154070 range=chr14:76384041-76384241 5'pad=100 3'pad=100 strand=+ repeatMasking=none "
"6","TCCCACATGCCCGAACCGCCTTCGAAGGGACAGCAGTTCTGGTTGGCAGAGGAAACATGGATGTAGATGAAGCTCTGCAGCAGAGGGTGGAGCTGAAGTGAGGAGGTAGGAGGTGGGGGAAAAGCCGAGAGGGCTTGGGAATCACCCCTGGATTAGTTAAGAGAGCATTCCCTGCAGGTAACAGAAACTCCGAGAAATCAG"
"7",">hg19_snp146_rs6574258 range=chr14:76385950-76386150 5'pad=100 3'pad=100 strand=+ repeatMasking=none "
"8","CATCTACACAAATATTAACCAAAAATTGATAAAATACCTACATGAAAGGGCTAAAACTATAAAATTCCTAGAAGAATACATAGGAATAAATCTTCATGTCGTTGGATTAGGCCACAGTTTCTTAGCTGTGATACCAAAAAGTACAAGCAACAACAAAATTAGACAAGTTGGACTTCATCAGAATTTTAAAATTATGTGCTT"
"9",">hg19_snp146_rs141632313 range=chr14:76386378-76386580 5'pad=100 3'pad=100 strand=+ repeatMasking=none "
"10","ATGCTTGAGCCCAGGAAGTGGAGGTTGCAGTGAGCTGAGATTGCACCACTGCACTCCAGCCTGGGTGAGAGTGAGATCCTGTCTCAAAAGCAACAACAACAACAACAACAACAAAATGAAATGTAAAAGACAGCCCACAGAGTGGCAGAAATTATTTGCAAATCATTTATATGGCAAGGGACTTGTATCCAGAATATATACAG"
"11",">hg19_snp146_rs10133007 range=chr14:76386688-76386888 5'pad=100 3'pad=100 strand=+ repeatMasking=none "
"12","ATGTTGGTTTGCTGCACCCATCATATTTCTCCTAATGCTATTCCTCCCCCAGTTCCCCACCCCTCGACAGGCCCTGGTGTGTGATGTTCCCCTCGACCCCTGTGTCCAAGTGTTCTCATTGTTCAGTTCCCACCTGTGAATGAGAACATGCGGTGTTTGGTTTTCTGCTTTGTGATAGTTTGCTGAGAATGATGATTTCTA"
"13",">hg19_snp146_rs4577000 range=chr14:76387743-76387943 5'pad=100 3'pad=100 strand=+ repeatMasking=none "
"14","TATAAGATGTAAGGAAGGGATCCAATTTCAGCTTTCTTCATATGGCTAGCCAGTTTTCCCAGCACCATTTATTAAAAAGGGAATCCTTTCCCCATTGCTTGTTTTTGTCAGGTTTGTCAAAGATCAGATTGTTGTAGATGTGTTCTGTTATTTCTGAGGCCTCCGTTCTGTTCCATTGGTCTATATATCTGTTTTGGTACC"
"15",">hg19_snp146_rs4636842 range=chr14:76387950-76388150 5'pad=100 3'pad=100 strand=+ repeatMasking=none "
"16","ATGCTGTTTTGGTTACTGTAACCTTGTAGTATAGTTTGAAGTCAGGTAGTGCGATGCCTCCTAAGCTTTGCTCTTTTTGCTTAGGATTGTCTTGGCAATGTGGGCTCTTTTTTGGTTCCATATGAACTTTAAAGTAGTTTTTTCCAATTCTGTGAAGAAAGTCATTGGTAGCTTGATGGGGATGGCATTGAATCTATAAAT"
"17",">hg19_snp146_rs201928437 range=chr14:76388424-76388623 5'pad=100 3'pad=100 strand=+ repeatMasking=none "
"18","TTTTGTATCCTGAGACTTGGTGAAGTTGCTTATCAGCTTAAGGAGATTTTGGGCTGAGACGATGGGGTTTTCTAAATATACAATCATGTCATCTGCAAACGGACAATTTGACTTCCTCTTTTCCTAATTGAATACCCTTTATTTCTTTCTCTTGCCTGATTGCCCTGGCCAGAACTTCCAACACTATGTTGAATAGGAGT"
"19",">hg19_snp146_rs7159311 range=chr14:76390439-76390639 5'pad=100 3'pad=100 strand=+ repeatMasking=none "
"20","GTTTTGAGCCTATGTGTGTCTCTGCACGTGAGATGGGTCTCCTTAATACAGCACACTGATGGGTCTTGACTCTTTATCCAATTTGCCAGTTCGTGTCTTTCAATTGGGGCATTTAGCCCATTTACATTTAACGTTAATATTGTTATGTGTGAATTTGATCCTGTCATTATGATGTTAGCTGGTTATTTTGCCTGTTTTTTT"
"21",">hg19_snp146_rs75676780 range=chr14:76391782-76391982 5'pad=100 3'pad=100 strand=+ repeatMasking=none "
"22","TCACATCCCAGACGGGGCGGCGGGGCAGAGGCGCTCCCCACATCTCAGGCGATGGGCGGCCGGGCAGAGACGCTCCTCACTTCCTAGATGGGATGGCGGCTGGGCAGAGACGCTCCTCACTTTCCAGACTGGGCAGCCAGGCAGAGGGTCTCCTCACGTCCCAGACGATGGGCGGCCAGGCAGAGACGCTCCTCACTTCCC"
"23",">hg19_snp146_rs2884862 range=chr14:76392913-76393113 5'pad=100 3'pad=100 strand=+ repeatMasking=none "
"24","CATCATTAGTCATTAGAGAAATACAGATCAAAACCACAGTAAATGCCACATCACACCACTAGGATGACTGTAATCAAAAGACAGGTAATAACAAGTGGAGATGAGGATGTGGAGAAATTGGAATCCTTATACACTGCTGGTGGAAATGTAAAATGGCGCAGCTGGTTTAGAAAACAGTTTGGCAGTTCCTGAAACAGTTAA"
"25",">hg19_snp146_rs2359990 range=chr14:76393289-76393489 5'pad=100 3'pad=100 strand=+ repeatMasking=none "
"26","TGCAGTGTATATATACAGATTGCCTAGGAACTGGGGCTGGCGGGGGCCGAGAAATGGGGAGTGACTGCTAATGGCATTGGGTTTCTTTTTGGAGTAATGAAAATGTTCTAAAATGAGATTGTGGTAATGGTTACCCCATTTTGTGTTTGTGTTTTTGTTTTTGTTTTAATTTTTGTGGGTACATAGTAGGTGTATGTGTTT"
"27",">hg19_snp146_rs7147115 range=chr14:76395725-76395925 5'pad=100 3'pad=100 strand=+ repeatMasking=none "
"28","CCACTTCTTAGAGTTGTAATATATTAACATATTAAAGACTCTGAAAAGTCTTTCAATAAAGATACCTTTTTTTTTTTTTTTTTTGGTGGGGATGGAGTCTCGCTCTGTCGCCCAGGCTGGAGTACAGTGGCACGATCTTGGCTCACTGCAACCTCCGCTTCCGGGTTTCAAGCAATTCTCTCTGCCTCAGCCGCCCAAGTA"
"29",">hg19_snp146_rs2142163 range=chr14:76395987-76396187 5'pad=100 3'pad=100 strand=+ repeatMasking=none "
"30","GGTTTCGCCATGTTGGCCAGGCTGGTCTTGAACTCCTGATCTCAGGTGATCTACCCACCTCGGCCTCCCAAAGTGCTGGGATTACAGGAGTGAGCCACTACGCCCGGCCAAAGATACCTATTTTTCACTCAGCATTTCTTAAGTTTATCTGACCTGGAACCATTTTTCCTATAATGCTGATTAGTATCTCGTCACTTTGAG"
"31",">hg19_snp146_rs6574261 range=chr14:76397629-76397829 5'pad=100 3'pad=100 strand=+ repeatMasking=none "
"32","ATCATCCTCTCAAGACACACCCCTCCTCTGGTCCCTCCTGTTCACCTTCATTAGAGGTAAAGCCAGAAACTGAGAGGCATGTGAGCTCCTCCCCTCAGTCCGCATATTTGATTATCATTATTATACTTTTCCCTTTAAATATCCCTCAGTTAACAACTTAACAAGTCCAATTTCATTCATATCCACTGCCTTAATTCAAAC"
"33",">hg19_snp146_rs2142164 range=chr14:76401760-76401960 5'pad=100 3'pad=100 strand=+ repeatMasking=none "
"34","CTTTAAGAGAGGAAGAAGCTGTTTCCTGTTATCTCCAGGCTGCATGACAACAAGATGATAGGCTGATTCTAGGGCCCATTTCAGTTTTCCATACAACAAGTTGTGAAACTAGAGAGTGAGATGGATGGTGGGAGGATCCCACAAGACCCACACTAAAAAGATGTGTTGGGATTTGGATATTTCTATGGATTACCTAAAGAG"
"35",">hg19_snp146_rs7141880 range=chr14:76402885-76403085 5'pad=100 3'pad=100 strand=+ repeatMasking=none "
"36","GAAGGGTGTGGTTTGAGCATCTTCCATCTTATTCTTTCCAGCAGTGACCACAGAGTGAGGGAAGCATCTCTCTTTCTACTTTAATATATATATAACTCCCTAAGAAGGACTGGGATCGGCTTGGCCTGGGTAATAAGACCACCTCTTGAAGTAATTGCTGTGGCCAAGGGGATTCAGGTTTTGGCCAGGCCTGGGATCATT"
"37",">hg19_snp146_rs7400877 range=chr14:76403442-76403642 5'pad=100 3'pad=100 strand=+ repeatMasking=none "
"38","TGTATGGCATTAAGTACATTTACATTTTTTTTTTTTTAAGTCAGAGTCTTGCTCTGTCACCAGGCTGGAGTGCAGTGGCACGATCTCAGCTCACTGCAACTGCCAACTCCCTGGTTCAAGCGATTCTCCTGCCTCAGCCTCCCTAGTAGCTGGGTTTACAGGCATGCACCACCACGTCCAGCTAATTTTTTTTTTTTTTTT"
"39",">hg19_snp146_rs12884536 range=chr14:76404219-76404419 5'pad=100 3'pad=100 strand=+ repeatMasking=none "
"40","AGTGGAATTGCTGGATTGTATGGTAATTCTGTTTTTAATTTTTTGAGGAACCACCATCCTGCTTTCTGTAGTAGCTGTACCATTTTACACCCCCACCAGCCGCACACAAGGGTTTCTGTTTCTCCACATTCTCACTAACACTTGTTATTTTATGGTTATTTTAAATGTTTATGTTTTGATAGTAGCCATCCTAATGGGTGT"
"41",">hg19_snp146_rs2019207 range=chr14:76405198-76405398 5'pad=100 3'pad=100 strand=+ repeatMasking=none "
"42","CAATATACACTGGCCACTCTCGGCTTCCTGTGAACTAGTAAAGAGCTTGATTGCCTATACTCTAGAGCAGTGATTGTTAAACTGTGAGTCGTGACCTAGCAGTGGGTCATCCAATCAGTTTAACGGGTCGCAACCAGGCTCACAAGAGCTGGTGGAAGGTGTCCCTTCCCAACTCTGCCTTCAGTAACTTTGCGTTGGTTA"
"43",">hg19_snp146_rs2019228 range=chr14:76405422-76405622 5'pad=100 3'pad=100 strand=+ repeatMasking=none "
"44","TTGGCCAACAACACAAAGTTGGGGCTTTCATTTGTTTTACCGTAGAGAGCCTGTTAAACATTTTCTAGCACACCACTGGTCACAATCATCATTCCCCTGCCTCCCCACCCCAGTGCAGCAGAATGAAATAGAAGAATACCAGGGTCTATCTACAGTAAAAGTAAGTGTAAGTATTATGGGAATTTTATTTAAGTCATAAAG"
"45",">hg19_snp146_rs2359991 range=chr14:76406024-76406224 5'pad=100 3'pad=100 strand=+ repeatMasking=none "
"46","GCCCAGCTGGACCATTTACTTCTCACCTTCTTTAGGTAACTGAAAGTGCTATTCTCCTAATCTTCAGATAGAGAACTGGTATCCAGCACCCTCTTTGACTCATTAATGCTGCATCTGCTACAGGAGGAATGAGGCTGAATTTTTATCAGACTAGAAGCTATTCTAGAAGAGGCAAAATCCACCCCCACCATCAATCTGTCT"
"47",">hg19_snp146_rs140867656 range=chr14:76406321-76406522 5'pad=100 3'pad=100 strand=+ repeatMasking=none "
"48","GGTTTGAGGCTTGTGAATAGCATAAATCAATTTATAGCTCGTAGCATTGTTTTACTCTACCACTCTTCATTACCAGAGCTCCCTATAAAGAAATTAAATCTTTTTTTTTTTTTTTTTTTTTTGAGATGGAGTCTCACTCTTGCCCAGGCTGGAGTGCAGTGGCGCGATCTCAGCTCACTGCAAGCTCCGCCTCCCAGGTTCA"
"49",">hg19_snp146_rs4899577 range=chr14:76406989-76407189 5'pad=100 3'pad=100 strand=+ repeatMasking=none "
"50","CAAACATGTTAATCAGTCTTCCATTAGGATACTTACTATCTAAATGTAGTTACAAAAAGAAACACTTTTCACTGAATGACATTTGAAAGTCTTTCAGAGATTTATATCTCTCTATTCCGTGATAAAATGTTATCATGCCCATCTGATGGGTTTATTATAATAAAATAATCCAGAATAGGGGGAACATGGTTTTTTACAGGT"
"51",">hg19_snp146_rs4903359 range=chr14:76410637-76410837 5'pad=100 3'pad=100 strand=+ repeatMasking=none "
"52","CAAGCTTCAGATGATCCTCAGTGAGGGACACCATCCTCTCAATATTCAAGAGTCACCCTTCTACAAAGGACCCCTAGACTGCCCATCAGTGGAACAAACAGAGGCACAATCTTGCCCCTGTCTCCCTTGGGCCTGGCTGGATCCCACTTTCACCAACCCACGGAGCCTCCCTGCCCTGACAGCTAGCAACAGGCCAAAACC"
"53",">hg19_snp146_rs202115588 range=chr14:76410955-76411156 5'pad=100 3'pad=100 strand=+ repeatMasking=none "
"54","TAGTCAGACATGAGCAGGGCAAGAGAGGGCTCCTGCCCTACCCCTTCCCACCACAACCAGGAATGTCAGGTGACCATCAGGTGATGATCAGGCAGTTGTTGAAACTGTCTCTCTAAAATAATAATCAGTTGCAGCCAGCACCAGGGAAAGGCAGTCTCCTTATAGATAGGAAAAACCTGAAACTAGTGATTAGTAGCTTCCT"
"55",">hg19_snp146_rs8007160 range=chr14:76412748-76412948 5'pad=100 3'pad=100 strand=+ repeatMasking=none "
"56","TGGAATGAGATAGAGAATAAATCCACAAGGAGGAAAAGGAAACATGGAAGAGGTAGAACAAATAGAAAGCACAGCTTAAAACAGTACGAACAAATAAAAGTATTGGCCCTTTCCAAAATGTGAGTTGACTCAATGTTCCAGTGAAGGTCAAAGACTGATTGATTCATGAATGCAACAAATATGGACCAAGCATCTTCTGTG"
"57",">hg19_snp146_rs8015828 range=chr14:76413954-76414154 5'pad=100 3'pad=100 strand=+ repeatMasking=none "
"58","GATTGAGCAGTCTGATAATAAGTAATGTTTCTGATAATAAGAACATTTAAGAGGCTGTGCATAGTGGTTCACACCCATAAACCCAGCACTTTGGGAGGCTAAGGCAGGAGTATCACTCTAGCCCAGGAGTTTGAGACCAGTCTGGGCAACAAAGTGAGACCGTCTCTCCAAAAAAATCGAAAAATTAGCTGGGCGTGGTGT"
"59",">hg19_snp146_rs67544768 range=chr14:76414416-76414617 5'pad=100 3'pad=100 strand=+ repeatMasking=none "
"60","ACGTAGTAGGCCTTAAATCACATTTCAAACACTACATTCCTTGACCATAACGCAATAACAAAAAGATACTGGAAAAGTCCTCATATTTTTGGAAATTAAGAAAGAGTTAACTAATTTAAAAATCATAATTGGCGGGGCACAGTGGTTCACACCTGTAACCCCTGCGCTTTGGGAGGCCAAGACGGGTGGATCACCTGAGGTC"
"61",">hg19_snp146_rs4243649 range=chr14:76417034-76417234 5'pad=100 3'pad=100 strand=+ repeatMasking=none "
"62","GGTGCATTGGCTCACACCTGTAATCCCAGCACTTTGGGTGGCCAAGGAGGGAGGATCATTTGAGTCCAGGAGTTCCAGAGCAGCCTGGACAACATAGGGAAACCTTGTCTCTATAAAAATTTTAAAAATTATCCAAACCTGGTGGCACACGCCTGTGGTCCCAGCTACTCAGGAGACTGAGGTGAGAGGATCACTTGAGCT"
"63",">hg19_snp146_rs4903362 range=chr14:76417508-76417708 5'pad=100 3'pad=100 strand=+ repeatMasking=none "
"64","GAGATTCCATCTCTGCAAAAAAATAGAGAAAAAATTAGCTAGGCATGGTGGCACATGCTTGTGGTCCCAGGTACTTAGGAGGCTGAGGCAGGAGGATCGTTTGAGCCCAGGAGGTTGGGGCTGCAAGTAAGCCATGATCATGCCACTGCACTCCAGCTTGGGTGACAGAGCAAGACAGTCTCGAAAATAAATAAATACATA"
"65",">hg19_snp146_rs7157558 range=chr14:76418183-76418383 5'pad=100 3'pad=100 strand=+ repeatMasking=none "
"66","ATCCAGATATTTAAGCAAAGAACTTCTAAAATTCAATAAGCAGTTTCTTAGATATGACATCAAAAGCATAAGCAACAAAAGAAGAAAATAGACAAACTGGGCATCCTCAAAAATTTAAAATTTCCTGCTTCAAAGGACACTATCAAGGAAGTAAAACAACAATCCATGAAATTGAGAAAATATTTACAAATCATGTATATG"
"67",">hg19_snp146_rs3917211 range=chr14:76426623-76426823 5'pad=100 3'pad=100 strand=- repeatMasking=none "
"68","TAGCCGAGAGTCCACAACCCCTGAAACTAGTCTGTCTTTCCCTTGAGGGGAATCAAAAATAGGGCAGTAATTTGTGAAGCATGTTTCCTTCTAGCTCATTGTTTCTGCATCCTGTCTGGGGCCCTGCACGCTGCACTTACTAAATGGCTCAAGGCAATGTTTTGTGAGAACATTTCTCACCGAAGTGATCAGTTCCAGCTA"
"69",">hg19_snp146_rs3917210 range=chr14:76427680-76427880 5'pad=100 3'pad=100 strand=- repeatMasking=none "
"70","CTAAATGGCCTTTGGATTGAGTCTCAGCAGTCACCTACTATAGTAGTCAAGCTGCATAAACTTAGAATTGATTTCTGTCTGGGTGCACATTAGGAGGGTAAAAATAAAACCAACCTCAACAAAGCTGAGTTGGCTAATAACATTCAGTGCTTGGTTTTATGTGGAGCGCTTCATAGCACTGCTTTGTATTGTGATAGAAAA"
"71",">hg19_snp146_rs3917201 range=chr14:76429455-76429655 5'pad=100 3'pad=100 strand=- repeatMasking=none "
"72","AGACTGGGCCCACATGGGAACCAACATCTACTGCCTGCCTACTGCCCAATGGCTAGGTCAGGCCCCAGAGCCAAGCCACACTCAACAGAGGGTCCCTGATGCTATTCACAAACATCTCCAGGAAGAAGACTGAAAATCTCTCACAGAGATTTTCTCTGTGAAATCTCTTTCTGTTTTCCTGGGAGTCCCACTGTTTTTCCA"
"73",">hg19_snp146_rs3917187 range=chr14:76432036-76432236 5'pad=100 3'pad=100 strand=- repeatMasking=none "
"74","CCTGGAATGTGGCAACGTGCGCTTGAAGGTCCACTCTGAGCTCTGGAGGCACTTTCTGTCTCCTGTGACCCTCAATAGAACTCAGTTCCTATGAGTCCCTATAGGAGCAGAGGCCCTGGCTCACCCTTGCATGGGTGGTGGGCACACTTCCCCATCACACAGAGGTGCTTTTCTCACTAATTCTGTCTTATTTTGCAGAGT"
"75",">hg19_snp146_rs4903356 range=chr14:76382063-76382263 5'pad=100 3'pad=100 strand=+ repeatMasking=none "
"76","AAATAACTAATAGGCACATGAAAAGATGCTCAACATTGCTAATCATAAGAGAAATGCAAATCAGAACCCATGGTGAGATACCACCTCACACCTTTAGGATGGCTACTATTAAAAAAGCAAAAAATAAGTCGGACATGGTGGCTCCTGCCTGTAATCCTAGCACTTTGGGAGGCCAAGGCAAGAGGATCACTGGAGGCCAGA"
"77",">hg19_snp146_rs6574257 range=chr14:76383119-76383319 5'pad=100 3'pad=100 strand=+ repeatMasking=none "
"78","AGCATCCCAAGTGTCCGTCGGCAGATGAATGAGTCAACAAAATGTGGTCTATGTATTCAGTGAAATACTATTCAGCCTTCAAAATAAAGGAAATTCTGCAATAAGCTACAGCATGGAACTTTCAGGACGTTATGCTAAGTGAAATGAGCCAATCACAAAAAGACAAGTACTATATGATTCCACTTATACAAGGTACCTAAA"
"79",">hg19_snp146_rs149771898 range=chr14:76389080-76389280 5'pad=100 3'pad=100 strand=+ repeatMasking=none "
"80","GCGTCATAAAATGAGTTAGGGAGGTTTCCCTGTTTTTCTATTGACTGGAATAGTTTCAGAAGGAATGGCACCATCTCCCCTTTGTACCTCTGGTAGAATTCGGCTGTGAGTCCGACAGGTCCTGGACTTTTTTTGGTTGGTAGGCTATTAATTATTGCCTCAATTTCAGAGCCTGTTATTGGTCTATTCAGAGATTCAACT"
"81",">hg19_snp146_rs79066296 range=chr14:76391362-76391562 5'pad=100 3'pad=100 strand=+ repeatMasking=none "
"82","CTTCCCAGTAGGGGCGGCCGGGCAGAGGCGCCCCTCACCTCCAGGATGGGGCGGCTGGTCGGGCGGGGGGCTGACCCCCCAACCTCCCTCCCGGACGGGGCGGCTGGCCGGGCGGGTGGCTGACCCCCCCACCTCCCTCCCGGACGGGGCGGCTGGCCTGGCGGGGGCTGACCCCCCCACCTCCCTCCCGGACGGGGCGGC"
"83",">hg19_snp146_rs12897842 range=chr14:76394017-76394217 5'pad=100 3'pad=100 strand=+ repeatMasking=none "
"84","GTTTTATCCTCCCAGGAAAGGTGGTGTGCCTAGGGGACAGCAGCTGTCCCTGGGCCTGGCCTCACTCTCTTTTTCCCTGTTTGGAAAGGTGTCAGGCTCCCGAGTATTTCTGTTGCTTTCGTCAGCACAGAGCAAGGAGGACCTTGACTATAGTTTCACAGCCTTAAGCTTCACCTCATGCTTCAAATCCACGAAAGAGCA"
"85",">hg19_snp146_rs760230 range=chr14:76393708-76393908 5'pad=100 3'pad=100 strand=+ repeatMasking=none "
"86","CCCCCCGTTTTGTGTATACAATAAAAACCACCGAACTGTATACTTTAAATGAGTGAATTTTATTAATATGTGAAATATATCACAATAAATCTGAAAGAATCAATAGTTAATATTTAGAAAGTAAGAGGAAAAAAAAGCCCTTCAACATAAGCAAATTGTCTTCACATCTTAGATGGACAAATTGTTGATCAATACGTATTT"
"87",">hg19_snp146_rs8011087 range=chr14:76399056-76399256 5'pad=100 3'pad=100 strand=+ repeatMasking=none "
"88","GTTTTGTCACTGTGAAATGGAAATACGTTCATTTAGAAATATTTTTAATGCCTGTGTGTGTGTGTGTCAGGTGCTTTGCTATGCACTCAAAATAGTTGCCATGTCTTCTTCATGAGGTTGATGTGAAAGCTGGATGAGATACTGCCTGTGAGAGCGTTGTTGGTGTTGTTTTTTGTTTATTACTATCAAGTGACACCTAGA"
"89",">hg19_snp146_rs12886676 range=chr14:76399268-76399468 5'pad=100 3'pad=100 strand=+ repeatMasking=none "
"90","CTTCAGTCAGCGAAGACTCCGTTACTTTGACAGAAAAGTACACTGATTCATTTGTAGCAAAGTTTGAAGCAAAGAAATATTTGACTTTAGCCCCAATTCAGAGAAAAGTTTAAGTAGCCCCAATCTTCTTTGCCCAAGCATTCTAGTTAATACAGTTTTTTATTGATAGGTGAAGTTGTTATTGTATTATTGTCTACTGCC"
"91",">hg19_snp146_rs12886636 range=chr14:76399541-76399741 5'pad=100 3'pad=100 strand=+ repeatMasking=none "
"92","TTATAATCCCAGCACTTGGGAGGCCAAGACGGGAAGATTATTTGAGCCCAGGAGTTCCAGACCAGCCTGGACAAGAGTGAGACCTCATCTCTACAAAAAAAAATTAAAAAATTAGCCAGGCCGGGTGTGGTTGCATGTGCCTGTAGTCCCAGCTACTGGAGAGGCTGAGGCAGGAGGATTGCTTGAACCCTGGAGGTCAAG"
"93",">hg19_snp146_rs4899576 range=chr14:76400219-76400419 5'pad=100 3'pad=100 strand=+ repeatMasking=none "
"94","ACACATAGAGGAAAGACCATGCAAGGACACAGCAAGACTGTGGCCATCTGCAAGCCAAGGAAGGAACCAAACCAGCCAGCACCTCCATCTTGGGCTTTGAGCCTCCACAACTGTGAGAAAATGAGTTCCTGTTATTTCAGCCACTTAGTATGTGACATTTTGTTATGGCAGCCCTATCAAGCGAATACAGCTGGCTTATCC"
"95",">hg19_snp146_rs10131117 range=chr14:76399860-76400060 5'pad=100 3'pad=100 strand=+ repeatMasking=none "
"96","TTAACTGAGTGTCTCTGGCTCAAGGTCTCTCATGAAGTTACAGTCAGGCTGTCAGCTGGGAGCAGTGGTCTCATTGGAAGGATAAACTGGTGGGATCTGCCTCCAAGTTGTGGTTGTTGGCAAGCTTCTTTCCACTTAAGCTTCTCTAAAGGCTGCTGTTATGGACTGAATTGTGTCCACCTCAAAATTCATATGTTGAAG"
"97",">hg19_snp146_rs1988797 range=chr14:76403675-76403875 5'pad=100 3'pad=100 strand=+ repeatMasking=none "
"98","TGGCGAGGATGGTCTTGAACTCCTGACCTTGTGATCTACCCACTCAGCCTCCCAAAGTGCTGGGATTACAGGCATGAGCCACCATGCCTGGTCCATTTACATTCTTATGTAATCATCACCACCGTTCACCTCCAGAATTTTTTTCTTCTTGCAGAACTTTAGCTCTGTACCCATTAAACAATAACTCCTCATTCCCTTTTG"
"99",">hg19_snp146_rs1076580 range=chr14:76408164-76408364 5'pad=100 3'pad=100 strand=- repeatMasking=none "
"100","TTTTTAGTAGAGATGGGTTTCACCATGTTAGCCAGGATGGTCTTGATCTCCTGACCTCGTGATCCGCCTGCCTCGGCTCCCAAAGTGCTGGGATTACAGGTGTGAGCCACCGCATTTTTATGAAATCCTATGACTCATAGCTTTTCCAGTTCAGAAAAAAAAAAAAAAAAAAAAAAAAGTTCATCATGAATTTTCTGCCAA"
"101",">hg19_snp146_rs36054096 range=chr14:76408426-76408626 5'pad=100 3'pad=100 strand=+ repeatMasking=none "
"102","TGAGGCAGGAGAATGGCTTGAACCAGGGAGGCGGAGCTTGCAGTGAGCTGAGATCATGCCACTGCACTCCATCCTGGGCTACAGAGCAAGACTCTGTCTCAAAAAAAAAAAAAAAATGTGTATCCCTTAACCTTCAGACAGCTGATGAGTGGTAGAAGCACTGGCCTGGAAGTACAGATTGCCGCTTACCACATCAGGCCT"
"103",">hg19_snp146_rs4903361 range=chr14:76411874-76412074 5'pad=100 3'pad=100 strand=+ repeatMasking=none "
"104","AGACATAAGCCACTGCACTTGGCCTTCTAAAGTTTTTTAATAAACATTCCCTTCTGCCCAAAAAATAATAATAAATTGAAAAATAAATGATTGGGAATGCAGCACAGAAAGAAAAAGAGGTGGAAAGCCATTTGAGAAGGCCTAATAAATATCTAATTGGAGCTCTGGAAAGAAAAAATGGGACAACATTTGAAGAGATAA"
"105",">hg19_snp146_rs2300607 range=chr14:76441464-76441664 5'pad=100 3'pad=100 strand=+ repeatMasking=none "
"106","ACTTTGGGAGGCCGAGGCAGGTGGATCACTGGAGGTCAGGAGTTCGAGACCAGCCTGGCCAACATGGCAAAACCCCATCTCTACTCCAAATACAAAAATTAGCTGGGTGTGGTGGTGGGCACCTGTAACCCCAGCTACTCGGGAGGCTGAGGCATGAGAATCACTTGAACCCAGAAGGCAGAAGCTACAGTGAGCCGAGAT"
"107",">hg19_snp146_rs7897626 range=chr10:12246375-12246575 5'pad=100 3'pad=100 strand=+ repeatMasking=none "
"108","GCTGAGATAGTGACATTTTTGCTTTCTGAATATTGTATAAAATTACCTTTGAGCCATGTGTATAAGATGTATGTGACACTGACACATAAATGATTTTTTTAAATTTTTTAATTTTTAGTTTTTGTGGGTACATAGTGTACATATTTATGGGGAACAAGAGATGTTTTGATCCAGGAATGCAATGTGACATTAGCACATCGT"
"109",">hg19_snp146_rs11257595 range=chr10:12246665-12246865 5'pad=100 3'pad=100 strand=+ repeatMasking=none "
"110","ATTGACTATAGTCACTCTATTGTTCTGTCAAGTAGTAGGTCTGTGGTCGGGTGCTGTGGCTCATGCCTGTAATTCCAGCACTTTTGGAGGCTCAGGTGGGCAGATCACCTGAGGTCAGGAGTTCAAGACCAGCCTGGCCCAACATGGTGAAACCCCGTCTCAACTAAAACTACAAAAATTAGCTGGGCATGGTGGCAGGCG"
"111",">hg19_snp146_rs4750186 range=chr10:12248438-12248638 5'pad=100 3'pad=100 strand=+ repeatMasking=none "
"112","CACTATAGAACAGTTCTTAGCTTTGACTGGTTCTTAGCTTTGTGAATCTGGAAAAGCAAGAATTACAAAGAGTTGATTAAAACTTGGGGAAGGCCGGGTGCAGTGGCTCATGCCTGTAATCCCAGCACTTTGGGAGGCCAAGGCGGTTCGATTATCTGAGGCCAGCAGTTTGAGACCAGACTGACCAACATGGCGAAACCC"
"113",">hg19_snp146_rs2895504 range=chr10:12244512-12244712 5'pad=100 3'pad=100 strand=+ repeatMasking=none "
"114","CCTGGAGGAGCATCAGATCCCACAGGTTGAGGCTCAGTCTCACAAAGACTGCCCCCCACTCTGATGTCAGCTGCAAGCCCCAGGTGCCTCTACCTGTGCAACTGACCAGGCGGCTAGAAATGAGGGTCCCTCCTTGGGTTTGATTCATTTGCTAGAGCAGCTCGCAGAACTGAGGGAAACATTTACTTCGGTTTACCGGTT"
"115",">hg19_snp146_rs1317549 range=chr10:12245214-12245414 5'pad=100 3'pad=100 strand=- repeatMasking=none "
"116","ATTCACTGAACTCAGTAGAGGTTACCATGGAGAGAAAGTAGGATAAGCATGTTCATTCACTCATTCAACCAATATTTATTGAACCCAGACTATGTGCTAAATTCTAACTGTAAACAAGACTATACCTTATAGAGTCTGGAAAGAAAGGCATGTACTATATGTGGAAGTAATGGAGGATGAGGCATGAAGAATTAGGGTCCA"
"117",">hg19_snp146_rs12411838 range=chr10:12248906-12249106 5'pad=100 3'pad=100 strand=+ repeatMasking=none "
"118","TGAAATCACGCCACTGCACTCCAGCGTGGGCAACAGAGCGAGACTCCATCTCAAAAAAAAAAAAAAAAAAAGATTGGAAGCATTATTGTATCCATTTTTGCCCATTTAAGGTATTTTTTCTCCATTTATTGTGTTAAGTACTTGGTGAGCCCTTTCATTCTAAAGACTTTAATTTTCCTGTTTCAGGATATTAAAAAAGAA"
"119",">hg19_snp146_rs12773913 range=chr10:12249124-12249324 5'pad=100 3'pad=100 strand=+ repeatMasking=none "
"120","TAATTTCTTGCTTCTCTTTCTGGATCTCCTATTATTTTGGTGTTTGATCTTTTGGCTTAATTCTCTGAATTTTATTATTTCTTCTCTATTTTCTCTTTCCGTGTCTTTTTTGTTCTACTTTGTAGGTAATTATTTTTCCATTCTATTGAATTTTAAAATTTCAACTATCATGTTTTCAGTGTCTACAAGTTCCTCTGTTCC"
"121",">hg19_snp146_rs224125 range=chr10:64453989-64454189 5'pad=100 3'pad=100 strand=+ repeatMasking=none "
"122","CTCACGATCTGATGTTTCACTGATGCCCATAATAGCTACTCCACTTACTTTGCCAGTTAGTAGCTAAGGAAAGGAAAAATGACATAATTCTAGCCAAACAATTGTGAAGGGATTTATGTGAGGGACTGGGGGCTCTGGAAAGGTTTCTGTATGGAACTCTTTTAAAAAGACACTTTGAGAAAGCAATGATCTTTTTCCTTC"
"123",">hg19_snp146_rs224127 range=chr10:64461173-64461373 5'pad=100 3'pad=100 strand=+ repeatMasking=none "
"124","AATAAGGGTGTATTGAGGATTAAATGAGCTAATATATGTAAATCACTCAAATAATGCCTGGCACATAAAAAATAATTGATGTGATATCTAGGATTTAGGGAAAGTAGACAGAGGTATGAATAGAGCAAGACCACCCATGGGTTGATGTTCACTGCGGCTGGATGATGGGTACACGGGGCTTTATTTTAGGGTATGTTCAAA"
"125",">hg19_snp146_rs224131 range=chr10:64464994-64465194 5'pad=100 3'pad=100 strand=+ repeatMasking=none "
"126","AGTCAGACTCTGTATTTTAACCAGGTGCCCAGGTGACTCTCATGCACAATGAAGTGTGAGATCTACCACCTAACCCAGGACCTAGAATGGCTGGCTCTTAATACATGTCTAGATAGATAGGTTTCTGGACGAATGGAGAAAAGCAGTGCAAACTTTGCTTTCAATCAGCCATCCTGCATTCATTCTGCATCCACAGGGTGT"
"127",">hg19_snp146_rs35968862 range=chr10:64471847-64472046 5'pad=100 3'pad=100 strand=+ repeatMasking=none "
"128","CTGTTCTGTACAATGTAAAATGTAAAATGGCCCAGCAGCTATGGAAAACAGTGTATGTAAAATGGCCCAGCAACTGTAGAAAACAGTATGGTGATTCCTCAAAAATTAAAAATACAACTACCATATGATCCAGCAGTCCCACTTCTGGGTATATATAAAAAAGAAATTGAAATCAGGTCCTCAAAGAGAGATCTGCACTC"
"129",">hg19_snp146_rs224143 range=chr10:64477736-64477936 5'pad=100 3'pad=100 strand=+ repeatMasking=none "
"130","CAGGCACTTTTAAACAATGCTTTTAAACAACCAGCTCTCATGTGAACTCATTATTGTAGGGAGGGCACCAAGCTATTCATGAGGGATCCACTCCCATGACGCAAACACCTCCCACTAGGCCCACCTCCAACTTTGGGGATCACATTTCTACATAAGATTTGGAGGGGACAAACATCCAAACTCTATCAAAGAGTGCATGTT"
"131",">hg19_snp146_rs224145 range=chr10:64478355-64478555 5'pad=100 3'pad=100 strand=+ repeatMasking=none "
"132","TTCCTATCTTTCCAACTGTTTCTCTCTAGTGCCTTGACTGAAAATTGTTCCACAGCAGTAGGACCTAAAATTCATTGGCTCTACCACCCTTTTACTCTCCCTAACATTTTCATGGCCTCATTCCTTTACCTTACTCACTTTGTTTAGTTTCACGGTTAATCAATTACTCGCTTGGGTCCACTTTCAGTTCTCTGTCGTCCC"
"133",">hg19_snp146_rs224146 range=chr10:64482839-64483039 5'pad=100 3'pad=100 strand=+ repeatMasking=none "
"134","ATTTGGGTGGTTTAAGTATTGGGACTGGAGCCAGTTATCCATCTGGGGTTTGCTGGGCAGCAGGATCTGCTGACCTGGCCTGGCACGAGCAGCACAGTGAATGGGTGAGAAGTTGGCAAGGATCACTATATATTTGCTGTAGAGCCAAGGTAGTGTCCATTGATCTAGACCAGGCTGGGTCAATGGAACCAGGAAAAGAGA"
"135",">hg19_snp146_rs224147 range=chr10:64485715-64485915 5'pad=100 3'pad=100 strand=+ repeatMasking=none "
"136","CCATTCATAAAAATCTTGAGATTTACTGTTGAGCCTGTCTAATGGAATTCCTGCAGATTGAACCCACAGGGAAAAGTGACACTATTCGGGGTCCCGATTTCTCATTAACATAGTCAGAGACCCCCTATGGAACACACTGGAATTCTTCCTAATTATGGGAAATGCCTTAGAAGTGTCCTAGAAGAGAAGACAGCCAGTAGG"
"137",">hg19_snp146_rs224049 range=chr10:64492333-64492533 5'pad=100 3'pad=100 strand=- repeatMasking=none "
"138","TAAATATTAGCTATGGTCTGGTTATGATTTTATGATAAGTGTTATAGAATGCTGTGGGGTACATTTATATATTGAAATATGCTATTTCTGGGCAAATATAACTATGTTCAGGATAAAGCCTAGAAAAAGTTTGAGTAATTGGAGGTGCTATGTTTTGCTTCTTGCTTGAGAGACCCTCTCTCTGAGTCTCTCTCCTTTCCC"
"139",">hg19_snp146_rs224050 range=chr10:64493122-64493322 5'pad=100 3'pad=100 strand=- repeatMasking=none "
"140","GGGCTCTGTGCTGGCTGGGAATCCCCACTGCAGCAGCAATCTTTGTGGGGCTGAGCTGCAAACGCTTTTCAGATTTAGCACGCAGCCTCATGAGGAGGAATAGTTGCAGTTGCCTCTGCTGAGAAACAAAGCTGATGACACTGAAACATCTGGGAAATGGGAATATTATTTCTAGAAGATGAAAACAAATGTCCAAGCTGG"
"141",">hg19_snp146_rs113717259 range=chr10:64494249-64494454 5'pad=100 3'pad=100 strand=+ repeatMasking=none "
"142","AGATGAGAGAGATTACTGGGGGAACATACCTGGTAAAAGGGCCGAGGGGGAAACGTGCTTGGCAAGATTAAGGACAAAAGTAGGTCAAGGTGCCTAGAAAAGAGAGAGAGAGAGAGAGAGAGAGAGAGAGAAACAGAGAAGGTATGAAAGGAAACAAGTGTATCATGATGTGCTCCTAATCAGCCAATCCTCTTAGCTCATGAGAC"
"143",">hg19_snp146_rs5785543 range=chr10:64498849-64499048 5'pad=100 3'pad=100 strand=+ repeatMasking=none "
"144","CCAGGGCCACTTTTACGGAACAGCAGAATTTAACTTTGGAGACTAATCTTTGAATCACTATCACGTGCCTACTACATCCCAGATACTTGCATTCCAATCACCAGCTCATCCCACGATTTCCAGGCACACCATTTTCTTTCCTGCAGTTAAGACTTGGAACATGATGATCCCTATGGCTGATTTCCCCTCCTTGGCTTGGT"
"145",">hg19_snp146_rs224061 range=chr10:64502069-64502269 5'pad=100 3'pad=100 strand=- repeatMasking=none "
"146","GCTCTTTTTGTAACTCTGTTCTAGGTCACCAATTGTAGGAGATGGACCACCCTTCCAAGTTGGAGAGTTTATCAGACATTAGCAACCCAGTCCTAAAGAAGAGGGGTAAACAGACCACAGCCCACAGCCCAGGCCCAAACCCAACCTGCTGCCTGTTTTTCTATTGCCCGTGAGCTAAGAATGGTTTTTGCATTTCTGTAG"
"147",">hg19_snp146_rs224062 range=chr10:64502696-64502896 5'pad=100 3'pad=100 strand=- repeatMasking=none "
"148","GTAAGCCCTGTAGTTTTGTGTTGGTTTCTGGCTCTGCAATATACCTGGTATTTGTTAGCACCATAATCCCACAGGAGAAAGGGATGAAGTCAATAACTGGAAAAAGTGGGATTTGCGGACAGTAGTCTGAGATGGAGTGGGAAGCGGTGCAGGAAGAGAGGAGAGGGGCCAGAGAGGGACAGAAACAGCTTTTGTGGAAAA"
"149",">hg19_snp146_rs224063 range=chr10:64503249-64503449 5'pad=100 3'pad=100 strand=- repeatMasking=none "
"150","TGGCCCCAAGTTGCTTCTCTTAAGCCACTTACTCAAGCATCTGAGAGAGAATGAGGCTCTAAGGAGAATGTGTCTCTTACTTTCTTTGACCTTGGTTGAACCAAAATGCTCTGTAAATACACTTGAGATTGTCTGTGAAAGATTCATCAGCCAAGAAATAAAAGTGGCACATTCGAAGTGATTAAAAATGAGGTTCAACTG"
"151",">hg19_snp146_rs59527031 range=chr10:64503661-64503860 5'pad=100 3'pad=100 strand=+ repeatMasking=none "
"152","AGGTTGCAGTGAGCTGACATCACTACTGCACTCCAGCTTGGGTGATAGAGTAACACTCTGTACCAAAAAAATAAAATAAAAAGGAAGCAACGTGGAGCACAAGGGGAATGCTAGAATTCAGGGCTTGGTCCTGCCTCTTTTGAGGCAGGTAAACACAAACACATTGACTTCTTTGAACCTCAGTTCTTTCATCTGTAGAA"
"153",">hg19_snp146_rs224064 range=chr10:64504112-64504312 5'pad=100 3'pad=100 strand=- repeatMasking=none "
"154","TGTGTTATCTCTGAGCCTCACAACAACTCTGCCAGGTAGTATTATTTTCTCAGTTTCAGGGATGGAGCAACCCATAAGGGACTTGCCTAGTGAGAAATGGACAGAGATGGGATTCAATCCCAGATTTCTTTAGCTTTGAAGCTCCTGCTGTCCAGGTCAGATGAGCTGGTCCCATGAAGCCCATGATCTGGCCCTCGTGCT"
"155",">hg19_snp146_rs224065 range=chr10:64505348-64505548 5'pad=100 3'pad=100 strand=- repeatMasking=none "
"156","ACCACCCTAGGAAATATTCAGTATACTTAAATATGCTGAGATCTTGGAAATTTTTACTATGAGAATACTACACATCACGGCATATTTTTGAGGGGTATAAGTTTCTCATTCTCTGCGTTCACTGGAATTTTGAGAAGTGGCACCACATATAGGCTTTGAGCTTTGTGACCTCTGAACTCAGTGGTGACACCAAGAGACACC"
"157",">hg19_snp146_rs224066 range=chr10:64506079-64506279 5'pad=100 3'pad=100 strand=- repeatMasking=none "
"158","CTAGAGCTGGAGAAACTTCAGCCTTTCACTTTGCAATTGTCTGTCACAGTGAAGTTGTACAATTTCCCGAAAGACAACAGCCATATATAATTTGTTAGGGATATATGTGTATGTATGTGTGTGTATTCACCTAATGCACACATGTGTACACACACATTTTATATATAAATGCATATAAAATAAGCATATATAATGTATATA"
"159",">hg19_snp146_rs224067 range=chr10:64506871-64507071 5'pad=100 3'pad=100 strand=- repeatMasking=none "
"160","AAAGATCAATGTGGGAAAATGCAAGGTCCACATTGATAAGATGAGGGAACGTCTATTGTAAAGATCCATGGCCACTTGCATTGTGGAGCAACAGTCTCCAGAAAACTCAGAGATGGGTGAGGCCACCCCTGACCATCTGGCATGTGGCAAGGAGCCTGTAAGGGTGGAGCCAGAAGTTAGGGTGGGAGTGGCATAGGATGA"
"161",">hg19_snp146_rs34713587 range=chr10:64507743-64507943 5'pad=100 3'pad=100 strand=+ repeatMasking=none "
"162","CTCACATGGGTCCTTGAATTTTATGTGCTTTAATCCAGTAGTTTATATAGATTGGGGTCCTGCAAAAAAAAAGAAAAAGAAAAAGAAAAAGAAATTTCCAGGGCCCTGTAAGTCTAGAGGTGGCCCTGATCCCATATGAGTTAGAAAAATCATCCTGAGACCCAGAGATACCAAATGAACAATGACTTTCACAAGTACTTT"
"163",">hg19_snp146_rs224070 range=chr10:64508318-64508518 5'pad=100 3'pad=100 strand=- repeatMasking=none "
"164","GGGTCATTGGGTGGTTAGGGACCCAGAGACATGGACCATGAATCCAGAGATGGGTTCATCAGATGGAGAATGAGTGCCTCCTATAGAAGCAGTGTAAACATTGCTAAACATTAAAGTGGGTAATTGAGACAATGCAGTCTCCTTCTCAGGAGGTTATGAAAAACAGGAAACATTTTCATTGGTCTATGTGGGTTTTTGACT"
"165",">hg19_snp146_rs224072 range=chr10:64508621-64508821 5'pad=100 3'pad=100 strand=- repeatMasking=none "
"166","TACTTGATTTCAAATAGGAAAAAAAGAAAATGGAAGAAGTATAAAAACCAAAACAAATAAAACTAGAAAGAAAATGGACTAATGTTTACAGCTTACCACATAGAGTTAGTCAAAGGAGGTTAAATATTCTTCTAGGGAAGAGATTACCAATATCTCTGGGAATGAATTTTTTAGTTTTAAGAAATAAGTAATTTGAGTCCA"
"167",">hg19_snp146_rs224073 range=chr10:64510004-64510204 5'pad=100 3'pad=100 strand=- repeatMasking=none "
"168","GCCTGAACTCCAAAAGCTTAAGACCCTGGAATTTTTGGCACATGGAAACCACTGATTGGGAAGGAATGGCTCATGAGTATTTTCCTGCCTATGGGGAGATGGGGTTTAAGCAAAAGGCAGCCAGGAGAAGAAATTGAGGACAGAGGCTGGTGAGGAACCAGAGAAAGTGCTTTGTGCCTATCCACCTCCTGCCAAGTCTTT"
"169",">hg19_snp146_rs224074 range=chr10:64510287-64510487 5'pad=100 3'pad=100 strand=- repeatMasking=none "
"170","TTTTATGGGCCTCTGGTCTCTGTCTTAAATATTGAAAGAAACTATCCCCAAATGTATGCAACCAATACAGTTTAGAGATAATGAGATTTTTTGTATATCTATTTGTTTTATTTTTCACAATTTTCTTACTTCTTTACAACCCTCCACCCATTATGCCAGTGGAATTTATTTCTTTAGGAGAAAGCTAAAATCACTCATAAG"
"171",">hg19_snp146_rs224079 range=chr10:64513130-64513330 5'pad=100 3'pad=100 strand=- repeatMasking=none "
"172","ATAATAAGAACAATATTGATGAAATATGTTGGAAGAAAGGTATTTATCTTTGTGCTCTCTATTATAAAATTATAAAATCATTGTCATAGAAAGGGGTGATGAAAGAGTATACAGCCAAAAAAGTAAAAATAAATATTATATACTTAGGCAGTTTATTAATGAAAAATATTAAGTTCTCTTTTTGGATTTGGTTACATTTGT"
"173",">hg19_snp146_rs150452106 range=chr10:64514703-64514918 5'pad=100 3'pad=100 strand=+ repeatMasking=none "
"174","GTTAAGCTCCATGGAGGCAGGGACTTTGTTTTGTTCATTGCCATCTTCAGTGCCCACAATACTGCTCAGTATACACCAAGTGCTCAACTTTGGCTTGGATGGAAGGAAGGAAGGAAGGAAGGAAGGAAGGAAGGAAGGAAGGGAGACAGGAAGAAGGGAAGCAGGAGAGAAGGAAGGAGGGAGGAGGGGAAGAAAGGAAGAATGGAAGTATGGAAG"
"175",">hg19_snp146_rs377859 range=chr10:64515965-64516165 5'pad=100 3'pad=100 strand=+ repeatMasking=none "
"176","ATAAATGGCCAGCTGCATTCGTAACACAATGCTTCCATATACTTACAGAGAGTTAGTGTAGCATCCTCTTAAAAACTTTAAACTTGACTTGGGATGCTCTGAGAAAATTCTACTTCTCAAAAGTTGTTATATCTTGTTTATTTATCAAACCCATGATCTTCAAAGGCGTTTAGGGTCACAAAGGCAATGTGAAAAACCACT"
"177",">hg19_snp146_rs7893375 range=chr10:64517506-64517706 5'pad=100 3'pad=100 strand=+ repeatMasking=none "
"178","TTTTTAATTTAATTTAATTATTTATTTTAAGTTTTGGGATATGTGTGCAGGATGTGCAGATTTGTTACATAGGTCAACGTGAACCGTGGTGGTTTGTGGCTCCTATCAACCCATCACTCAGGTATTAAGCCCCGTATGCATTAGCTCTTTATCCTGATGCTTTCCCTCCCCCGAACCCCCACCCCGACAGGCCCTGGCGTG"
"179",">hg19_snp146_rs224028 range=chr10:64517818-64518018 5'pad=100 3'pad=100 strand=- repeatMasking=none "
"180","TCATTCTGTTATAAAGATACACACACACATATGTTTATTGCAGCACTATTCACAATGGCAAAGAAATGGAATCAACCGCAAACGCCTATCAATGATAGAATGGATAAAGAAAATGAGGTACATATACACCATGGACTACTATGTAGCCATAAAAAAGGAGTGATACCATGTTCTTTGCAGGCACATGGAAGGAGCTGGAAG"
"181",">hg19_snp146_rs224029 range=chr10:64519199-64519399 5'pad=100 3'pad=100 strand=- repeatMasking=none "
"182","TATATGTCACAATATTTCCTTCCACCTGAAAGCTCGTTTTTTTCTTCTCATTTTAAAAGAAATTAAAACACTTTTCATGGGCGCTGTAAAAGTATTGTGGAATGTGAGCACTGCATCTGCCGTACCTAATGGATAAGTTGACCCTGTCAACAAGAAGCAATCCCTGTCCTCGGTACAATTTGAAGAAACGGGATATTTATG"
"183",">hg19_snp146_rs11275149 range=chr10:64519473-64519684 5'pad=100 3'pad=100 strand=+ repeatMasking=none "
"184","GAAGGCCTACCATGGCAAAAGTGCCTAGGACCCCTGAAGTCCTAGTGTGGCTCGGCCTGTTGCCCATGCAGGGTTTACCAGAGCTCTCTCTTCTGGTGGAACTTCTCATAACACCTTCCTTTGCTGCCCCTACTATCAGGTTTCTGCTGCTTTGTGACATCAGGCTCTTCCATGTGGATTTCAAGTCCAACAGGGAGGCCTGGCTGGAAAAA"
"185",">hg19_snp146_rs224030 range=chr10:64520035-64520235 5'pad=100 3'pad=100 strand=- repeatMasking=none "
"186","ACAGCTCTCAGTGAGTTCCCAGTCCAGCTGGGGTCAAGATGACACTGATCCCCTCACTGAGTCCTCATGTTAACCCGAGACTTGCCTCAAGCTTTGTAAGTATTTTCGGTAGACATTTGGAATCTCTGAGCTTGCTAAAAAGCGCTCAAGATTACGGGCATGAGGAGGGAAAGAAGTGACACAAAGCAGTCTCCATCTGGG"
"187",">hg19_snp146_rs224042 range=chr10:64524190-64524390 5'pad=100 3'pad=100 strand=- repeatMasking=none "
"188","ACAGTCCATATCTCTCTTGAGGAAAATGAGGGTAAGTGAGTCTAATATGAAAATCAGACTGCATTTCTCAAATGTATGGTCCAGAAACCATAGATTTCAGCCTTGCTTGATCAGGGTGGAGGACGGGGGTTAAGAAAGCAGTTGCTGGGGCTCCATCCCAGCCTGCAAAATCATTCTCAGGGGATAGGCCCAGAACGCAGC"
"189",">hg19_snp146_rs224045 range=chr10:64525447-64525647 5'pad=100 3'pad=100 strand=- repeatMasking=none "
"190","GAAAAGAGAGGCATGGCCCCTGCCTTTTCAGCAGTGGTAACTATTTTAGGGGCTGGGCAGCTGTAAGTCTCATGGAAAGATGAAAGCAACCCAAGGCAGTATGTGATCCTGGGCTGTGGACTTTCACAGAGGGAGGGTGAGGGGAGGGGTCACTTTGGAGTCTTGGGCAAATAGGTGGCTTCCTGGTGGTCTCTTTTCTAC"
"191",">hg19_snp146_rs10822059 range=chr10:64527597-64527797 5'pad=100 3'pad=100 strand=+ repeatMasking=none "
"192","TCAACCTCCTGGGCTCAAGCAATCTTCCCACCTCAGCCTCCCAAGTAGCTGGGACCATAGGTGCACATCATCACGCCTGGTTAATTAAAAAAAAAATTTTTTTAATAGAGATGGGGTCTCACTATGTTGCCCAGGGTGGTCTCAAACTCCTGGCCTCAAGGGCTTCTCTTGCCTCAGCCTCCCAAAGTGCTAGAATTACAG"
"193",">hg19_snp146_rs448355 range=chr10:64532495-64532695 5'pad=100 3'pad=100 strand=- repeatMasking=none "
"194","TACAACTAAAAAATTCCCTTGCATGAGTTTGTCAATTTCAGGGGATTTTGTCATTCACTGAAGTGGAACTTTCAGTTTAAATGTGAATCTCATGGCTTTTATGCGTCTTCGCTCATGGCCAGAGTGGCAGCTTGGGCATGTGAATGTCCACCACCAGCTTTGCCCATCTCCCTGATCACAGCACAAGCTTTTGCTGGATCA"
"195",">hg19_snp146_rs58989795 range=chr10:64534706-64534905 5'pad=100 3'pad=100 strand=+ repeatMasking=none "
"196","GGAGAATGGTGTGAACCTGGGAGGCGGAGCTTGCAGTGAGCCGAGATCGCGCCACTGCGCACTCCAGCCTGGGCGACAGAGTGAGACTCTGTCTCAAAAGAAAAAAAAAAAAAGAAAATAAGTGAGGATGAGGATGAGATACCTGGAGCATTAGCAGCCATCTTGCAACCATGAGGGGAGAAACCTAAGACCAACATGTT"
"197",">hg19_snp146_rs224089 range=chr10:64539821-64540021 5'pad=100 3'pad=100 strand=- repeatMasking=none "
"198","TGATAACGTGTTATCTAGTTGTAACTCTGGTACCTCTGGATCAGCTTCTTTTACTTATTTATTTATTTATTTATTTATTTGTTTAATTTTATTTTTTTTAACGATGGAGTCTCGCTATGTAGCCCTGGCTGGAGTGCAGTGGCACGATCATAGCTCACTGCACCCTCAACCTCCTGGGCTCAAGCCATCCTCCCACCTCAG"
"199",">hg19_snp146_rs224095 range=chr10:64541959-64542159 5'pad=100 3'pad=100 strand=- repeatMasking=none "
"200","CTAGCTCGGTGTCTGCCCAAACTGCTGCCCAGCTTTGTGCTTGCAACCCAGGGCCCTGGTGGTGTAGGCACCTGAGGGAATCTCCTGGTCTACAGGTTGCAAAGACCATGGGAAAAGCATAGTATGTGGGCCAGACTACCATTCCTCATGACACAGTCCCTCACAGCTTCCCTTGGCTAGGGGAGGGAGTTCCCAAACCCC"
"201",">hg19_snp146_rs224099 range=chr10:64543341-64543541 5'pad=100 3'pad=100 strand=+ repeatMasking=none "
"202","GCTAACTAGAATAACCAGTTTATAGAAGAACATAAATGACCTGATGGAGCTGAAAAACACAGCATGAGAACTTTGTGAAGCATACAGAAGTATCAATAGCTGAATCAATCAAGCAGAAGAAAGGATATCAGAGACTGAAGATCAACTTAATGAAATAAAGCATGAAGACAAGGTTAGAGAAAAAAGAATGAAAAGAAATGA"
"203",">hg19_snp146_rs224101 range=chr10:64543677-64543877 5'pad=100 3'pad=100 strand=+ repeatMasking=none "
"204","CCTAGCAAGACAGGCCAACATTCATATTCAGGAAATACACAGAACACCACAAAGATACTCCTTAAGAAGAGCAACCCCAAGACACATAATCATCAGATTCTCCAAGGTTAAAATGAAGGAAAAAATATTAAGGGCAACCAGAGAGAAAGGTCAGGTTACCCACAAAGGGAAGCCTATCAGACTAACAGCTGATCTCTCTGC"
"205",">hg19_snp146_rs224106 range=chr10:64547687-64547887 5'pad=100 3'pad=100 strand=- repeatMasking=none "
"206","TTTTTAATGATTGCCATTCTAACTGGCATGAGATGGTATCTCATTGTGGTTTTGATTTGCGTTTTTCCAATGACCAGTGATGCTGAGCTTTTTTTCATATATTTGTTGGCTGCATGAATGTCTTCGTTTCAGAAGTGTCTGTTCATATTCTTCACACACTTTTTGATGGGGTTGCTTGTATTTTTCTTGTAAATTTGTTTA"
"207",">hg19_snp146_rs224109 range=chr10:64549971-64550171 5'pad=100 3'pad=100 strand=- repeatMasking=none "
"208","CGAGACCTTGGAAACTCAGGTGTCAGCCGTCATGCGTCAGAGCTGGGTGTGGTTTGGGAAGATACCACTCTGGGGTGGCATTTAGGACAAAAATGCAGCGCGGGGAAACTTGCCTAACAGTTCTCCTTCAGTGTCAGCAAATAGCCTTGATTGTGCTGCAACTGTGGTCCCTTCCACTATCTTACTTTCCGTCTATCTCAA"
"209",">hg19_snp146_rs224111 range=chr10:64551910-64552110 5'pad=100 3'pad=100 strand=- repeatMasking=none "
"210","GGAGTGCAGTGGTGTGATCTCAGCTCACTGCAAACTCTGCCTCCTGGGCTTGGGCCATTCTCCTGCCTCAGCCTCTCGAGTAGCTGGGACTCTGGGCATACGCCACCACAACTGGCTAATTTTTGTATGTTTTGTAGAGACGGGTTTTGCCATGTTGCCCAGGCTGGTCTCAAAACTCCTGAGCTCAAGCAATCCGTCCAC"
"211",">hg19_snp146_rs224123 range=chr10:64451133-64451333 5'pad=100 3'pad=100 strand=+ repeatMasking=none "
"212","CAATTGAATTAAGAATTTAGTATTACATTTTAACATAACAAGCACTAAGAGAAAAGTTTCCTTAAAGAATAGACTTTTGCTGTATGTCAATTAGTGCGCCCGTTCTTGTAGGTTTTCTCTGCTGCCTCAGAGCCAAATCTTCAGCCTCCCACACAGATCTGTGAAATCAATTGTCTTCCCCAAACATGTGGTAACCACAGA"
"213",">hg19_snp146_rs224133 range=chr10:64466403-64466603 5'pad=100 3'pad=100 strand=+ repeatMasking=none "
"214","GAAATTAGCCCTGACTTCCAAGTGCTTTGATCAGTCTGAGGATTGGAAAACTTCTAAGGGCATGAAATACCTGTGCCAGAGTGGCGTCCTGGAAGGGAGACAGTGATTCAACTCCAGGCTGCCTGTCAGAGATGTTCCAGTCTCTCCTCACTTGTGATGCTTCTATAGAGTTTTCACATGAGAGCAGGCTGTCACCATTTG"
"215",">hg19_snp146_rs224135 range=chr10:64466702-64466902 5'pad=100 3'pad=100 strand=+ repeatMasking=none "
"216","TCCAGTCAGAGAACAGCTTTGACAAATTTTAATAAAATTTAATAAAACCTAGTTCTGATTGGCAATAGAGGATTTGAGTTAGGGAAAAGTTTACCTATGTATTTAGGTAGACATGTGGGATGGCCACACTTTCACTGTGGAATGCTACATAGTAGTAACTCTGGCCTGTTGGCATTTTGTTCACAACTGCTGGTGTCTTTG"
"217",">hg19_snp146_rs382424 range=chr10:64489674-64489874 5'pad=100 3'pad=100 strand=+ repeatMasking=none "
"218","TACCCTTCTCCACTGCAGACCCTACTCAGCCTTTCAAATCCAGCTTGGACATCACCATGTCCAGGAATTGTTCCCTGAGCCAAACACATAACCTCACCAGTTGCTTAGTTAGGCATCCCACAGCCTCCTTGTTTCCTTCTCTTACTGCCTTTAAACAATGAAGTGTAATTATCTGAGTGTCTGACTTCCTTGAGGGAAGAA"
"219",">hg19_snp146_rs224056 range=chr10:64496900-64497100 5'pad=100 3'pad=100 strand=- repeatMasking=none "
"220","ATGCTCCCAGAAATGGACATGATATAATGTATGCGATATTTATCTTAATTTTTTTTTGTATTGGAGAAAGTAAATAGGTTGAAGTTTACATAAACATATACCCATATACATACTTAAAGAGAATATTTTTGTTAAATTTATTTTTAGCCAGATGACATAGATAATTACCTTAATTCCTCCTTTTGCTTTGGATCATGTAGA"
"221",">hg19_snp146_rs224068 range=chr10:64508000-64508200 5'pad=100 3'pad=100 strand=- repeatMasking=none "
"222","AATTGTAGAATTTTTCACTTTAGTGGATCACAAACAGGAGGTAAAAATGGAGAAAATGGGGAAATATCAGTTACGTGGGGCAAGGGAGTTGGTTTTATTGGCCTCTTAAGATCTACTTTGATTTTAATAAGTCAATGTATGTCCCAAAAATTCCACTGGAAGATGTTCCATTGGATTACTACAAAGTACCGTCAAGTAAAT"
"223",">hg19_snp146_rs224078 range=chr10:64511660-64511860 5'pad=100 3'pad=100 strand=- repeatMasking=none "
"224","GAGATGCTGATGCCTTTGTTACCAGGAGACTATACATCATTTTTTTTTTTTTAAAGACGGAGTCTCACTCTGTCACCCAGGCTGGAGTGTGGTGGCACAATCTCCTCCTCACAGGTTCAAGTGATTCTCCTGCCTCAGCCTCCTGAGTAGCTGGGACTACAGGAGTGCGCCACCACACCCGGCTAATTTTTGTATTTTTAG"
"225",">hg19_snp146_rs34967686 range=chr10:64511384-64511583 5'pad=100 3'pad=100 strand=+ repeatMasking=none "
"226","TGTATATATGATATATTTTATATAAAAATTCATATACATAAGATATAAAAACATATCTTATATATGAGTACATATGTTATTTATTTTTTATATATATGTATGTGTGTGTATATATATATATATATTCAGTTTCTGAGGGAATATGAAAAATTATGTTTAGGCCAGGCATGGTGGCCCACGCCTCTAATCCCAGCACTTTG"
"227",">hg19_snp146_rs224044 range=chr10:64524970-64525170 5'pad=100 3'pad=100 strand=- repeatMasking=none "
"228","GGTGGGTGCCTGTAGTTCCAGCTACTCTGGAGGCCGACGCAGAAGAATCGCTTGAACCTGGGAGGCAGAGGTTGCAGTGAGCCAAGATCACGCCACTTCACTCCAGCCTGGGCAGTGGAGCCAGACTCTGTCTCAATAAATAAATAAATAAATAATTAAAATTAAGGGTTACAAGTGCCATTTTGTTACATAAGTACATTG"
"229",">hg19_snp146_rs224092 range=chr10:64541304-64541504 5'pad=100 3'pad=100 strand=- repeatMasking=none "
"230","GTCTGTCTTCTCTAATAGCGTGTGCTTAGAAAGAAATTTTGTTTGTAAAATTGCTTAAATCTCAATGACAATATGGTTTCCTATTTACATGCTCCATTTGTCTGGTATTATTGGGGAATGAAGTTCTCCCCGCAAGAAAATCTGTTAGATATTCAATTAAAAACCAGAAAATTGCTTAGTTCTGAATTATTAGGAACTGAG"
"231",">hg19_snp146_rs7188682 range=chr16:31413905-31414105 5'pad=100 3'pad=100 strand=+ repeatMasking=none "
"232","CTATGTATGTGCAAAAAAACCCCACTGTTTTGTTTTTTAAACAGGGTCTTGTTCTGTCATCCAGGCTGCAGTGTGGGGGTGCAATCATAGCTCACTGCAGACTTGATCTCCCAGGCTCAAGTGATCCTCTTTCCTCAGCCTCCTGAGTAGATGGGACTACAGGTGCATGCCACCATGCCTGGCTAATTTTTAAAAATTTTT"
"233",">hg19_snp146_rs56191046 range=chr16:31414157-31414357 5'pad=100 3'pad=100 strand=+ repeatMasking=none "
"234","GCTCAAACAACCCTCCCACCTTGGCCTCTCAAAGTGCTGGGATTACAGGCATGAGTCACTACGCCCAGCCACAAATTCTTGAGAAGGGAGGAAATACACAAATTGATTTAATGTGTGATAAAATTTTTAAAAAGCTAAGGGTAGCAAATATTGTGGTTGGCAAAGTTATTTTTAATAAACTGTGAAGGAAATATCATTTGG"
"235",">hg19_snp146_rs1799756 range=chr16:31439870-31440071 5'pad=100 3'pad=100 strand=- repeatMasking=none "
"236","ACAATATAGTGAGATCCCCGTCTCCAGTATTTAAAAAATCTTTTAAGGTACGAATTATTATACATTTTACAGCTGAAAACACTGAGACTCAAAAAGACACTTAATTCATTCTACAAATATTTATTAAAGCCCAACTGTGTGCCAGCCACCAGGCATAGAATAGGGAACAAAATAGTTTCCCTGCAACTATATAAAAAGAATG"
"237",">hg19_snp146_rs72789324 range=chr16:31440332-31440532 5'pad=100 3'pad=100 strand=+ repeatMasking=none "
"238","TCTGATATAGCCAGAGATGCCTACAGTCTGCACAGTCATAAACAAGTCATTCCGTTGGCCAGCTGCAGTGACACCCCCACAGCTCACACTGCTGGACCCTGGATGCCAAAAGCTTCATTAAGGCTGCCCTGGAAAACCAGAATTTTCCACCCTCATCCCCTCTTGAAAACAGATTCTTCATGAAACCTGTATCCTGGGTCG"
"239",">hg19_snp146_rs72789325 range=chr16:31441094-31441294 5'pad=100 3'pad=100 strand=+ repeatMasking=none "
"240","AAGATATATTTTCAAGAAGGGGCTCTATACCTGTTTCTCATTGGTAATAAACTGAACAGTATGTTCCATCCAACTTTAAGCTGCTGCTATTTTTAAAAAAAATAACCTCCTTGAGCAGTCAAATGTTATACAGTGTTACAAAAATTATTCCTGAGCTCTCACTGAGCTATAATAGAATTCTTCCTACAGTTTTTTTCCCAG"
"241",">hg19_snp146_rs11150621 range=chr16:31406656-31406856 5'pad=100 3'pad=100 strand=+ repeatMasking=none "
"242","GGAGAAGGGAGATGCACTGGGGGTTTGGAGCCTTAGCTCAGCAGCAGCCCCACCTCCCACCGCCTCCTGAAGGGTGGTGAAGGGGTATCAGCTGCTGGCTCCCCCACCCATGTGGGAGCAATGACCGCTGCTACCTTCCGCCCCTGGCATGAGCTGGGTAAAGTCAGTTAGGGGCGCTCACTCTGGGAGTACCCCGAGGGA"
"243",">hg19_snp146_rs116943658 range=chr16:31435266-31435466 5'pad=100 3'pad=100 strand=+ repeatMasking=none "
"244","GCTGGGTCCGCGAGGTGTGTGGGGGCAGCGGCAGAGCCCCTGCCCCAGACTCAGGCAGGACCTGGCATGTCTGTGCCCATCTGCAAGCCAGGGCACCCCCGAAGCTCTGAGCCTCCCCCAGAGCCAGTTCCACAGGTTTCCCCCAACCCCTTTGCAGACATTGCAGAAGAAGGTGTTGGTCGTGAGTGTGGCTGAAATTAC"
"245",">hg19_snp146_rs74972074 range=chr16:31436778-31436978 5'pad=100 3'pad=100 strand=+ repeatMasking=none "
"246","CTGCCTGGATCTATGCTGTCCTGCCACGGGTCGTGTGTGTACCTACTGTGCTCGGGGCCAGCAGATGCTCGATATATGATAGCTGTTCACATAAATGTTCTCGCACACAAACGTAAGTTAGCTTAGTTGTTGCCTCCTCTTCTCTCTCAGCTTCCTCTTATTCCCAATTTTCTTCCCTGCCCTCTTACCCAGCTTTTCTTT"
"247",">hg19_snp146_rs2904911 range=chr17:10073224-10073424 5'pad=100 3'pad=100 strand=- repeatMasking=none "
"248","AATATAAGCAAGAGCTGATGCTGGCTGTGACATGGCTGTCACCACTGGATTTTGGATGTATTTTGAGAGCGAGACCAATGGGATTTGGTAATGGGTTGCACGTATAAGGTTTGAGAGAGAACTCAAAGCGAGTTTCAAGGTTTTTGGCATAAGCAAATGGGAGGAAGGAGCTGGTTTGAAATGAGAAGGTGAGGAACGGAA"
"249",">hg19_snp146_rs2904910 range=chr17:10074201-10074401 5'pad=100 3'pad=100 strand=- repeatMasking=none "
"250","CTTTGCGGCTCAAGTGAAGCTACAGAGAGAGAAATGGTGCCTGGGAGTTAGGAGGACTTTTGCCCTTGGCTGGGACTTAGGCAAATTGCTGAGCTTAGAAGACAATTGATCCCAGTGGTTCGCTGGCTCAGCCACAGAAAGTGCCAGCTGGCCTTTGAGTTGTTCAGGGATCTGTGATGGTATTTATGTGTGGCAGAGGGA"
"251",">hg19_snp146_rs2904912 range=chr17:10069645-10069845 5'pad=100 3'pad=100 strand=- repeatMasking=none "
"252","AATGTAATACATTATAAAAGGAAAGCATCAATACATATTTCATTGAAAAGCTAAAGGAAGAAAACTAGAGAAAGTGAAGGATATTTTCCTAACTTGGTATTTGCAAACTCTGATGCCTGTTTATCAAATTGGAGTTCTCCTTGGGAGTGAGTTGAAGGAGGTCCCTTGGGGCCCCCATCCCCTGGAAAGGAGCTGGTGTGG"
"253",">hg19_snp146_rs2953453 range=chr17:10075414-10075614 5'pad=100 3'pad=100 strand=+ repeatMasking=none "
"254","GTGTCCCTCGGGTCTGCTTGTTTGGATTCTAATATCTGCCTAACTACCCATCAATCTGGCTACTTCCTGGACTGCAAAAGACCTCAAAGCTATGTGTAAAAGAAGTCTCTAAATCTAAGCCAGATAGGATGGCCTGCCATGGCAGCCCTCATTCCACTCCTCAGGTCCAGTCCTGGTTGACTTCACCTCATCACCCACCAG"
"255",">hg19_snp146_rs6058442 range=chr20:34886770-34886970 5'pad=100 3'pad=100 strand=+ repeatMasking=none "
"256","GGGGTGCCCAGAAATGTTTTCTGAATTGAATCAACGAAGGGAGAGGGTGTTGGGAAACAAGCAGGGCCCTGGCCAGGACATTTAGACCTGGGGTAGGGACAGGACTGTCCCTCACAGTCCCAAACACACCTTTTCATCCTGTCAATGAATTTTGGCTTTCAAGTCCTACAGACCTGGGTTCGAATCCTGGCCCAGCTCCGA"
"257",">hg19_snp146_rs62213216 range=chr20:34889481-34889681 5'pad=100 3'pad=100 strand=+ repeatMasking=none "
"258","AGTGCAGGTAGTTTATCTGAGAGGTGATCCTAGTCTGCAGGAGGGAGGCAGAGGAGGAGGGAAAGTCAGTCAGATGGGCATTTGCCAGCAGGGCACCACTGTGGGCCACTGGAGCTCCATCTTGCTGGGGACGTTCTGAAGAACAGTGGAAAGCGTGCCTGAGACTGTCTCCCTGAAGGCTCGGAGGCTGCAGCATTTCCT"
"259",">hg19_snp146_rs7273375 range=chr20:34891850-34892050 5'pad=100 3'pad=100 strand=+ repeatMasking=none "
"260","CCTGTGGGCATTTGGGTTTGTGACCCTTGCCTAAGCGTGCCCAATGCTTGTTCCTCTAAAACTTGCCCTTCCTTCCCCTCCTCCCCATAACCCCATCCTTGTTCCCACTCAGGGCTTTGCATCTCTCCCCTGTGCCATCACACTAGCCTCCTTGACATTCCTTTCTCTAGTCTTGCCTGTTCCAGTCCACTGCCATGTCAC"
"261",">hg19_snp146_rs3922960 range=chr20:34895178-34895378 5'pad=100 3'pad=100 strand=+ repeatMasking=none "
"262","CGTTCAGAGCTGGTGGCGGATGGACCAGGTGGCCGCGGGGACCAGCTGGGTCCAGATGTGCTGGGCCTGCTGGAAGGGGACAGGTGCTACCTGGACGTGTAATGGCCCTTGGTCTCTTTTGGCCGAACCTGCCGCTCCGATCCCCCTCCATCCCTTCATCCCTCCATCCCTCCATCCCTCCATCCCTCCGGCCCTTCTCCC"
"263",">hg19_snp146_rs62213217 range=chr20:34896233-34896433 5'pad=100 3'pad=100 strand=+ repeatMasking=none "
"264","ACAGGGTCCCCACCTCCAGGAGCCTCTTTTTTGTTGGGGGAGGCAGCCTGTGTCAGGCATTGGAGACAGTGTCCATGCTGAAGAGAAACTGTGAGCTGGACGGGACCTGATGGCTGGGTTATGTGGAACCCCGGGTGCCAGCCTTGAGATGGAACTGCAGGTCTGAGGGCTGTGCCCCGGGCGTGAAGCTGCCTGGCAGCT"
"265",">hg19_snp146_rs200768890 range=chr20:34948246-34948446 5'pad=100 3'pad=100 strand=+ repeatMasking=none "
"266","AGGCCTCTGTGTGACCCTGTTGGAGTTGCCTCCTTCTCTGTGCCTCTGTCACAGCAAGGTAGCGGGGAGAGTCTGGAATCTGAAGAACTTGGATTCAAGGCCCCCTCCCCCGGGCCTCCCTCTGCGTCCCACTCCCCCGGGCCTCCCTCTGTGTCCCTCTCCTCCAGGCCTCCCTCTGTGTCCCCCTCTCCCAGGCCTCCC"
"267",">hg19_snp146_rs62213218 range=chr20:34949095-34949295 5'pad=100 3'pad=100 strand=+ repeatMasking=none "
"268","CCTGAGCCCTTTGCCCACCTGCCTGGGACCTCTGGGGGCTGCTGACTGGGTGAGGGGGACACTGATGAGACAGAGGCCTGGCCCTCTACCGACTTTGGACGGGTCTCCCTCTGCACCCTCTCTGCCGCCTAAGGCCACATCTCTCTAACTCTTTACCTCCAAGTCACAGCCAAATCAGTCCTTGGCTCCCTGTCTGCCCCC"
"269",">hg19_snp146_rs7264955 range=chr20:34884171-34884371 5'pad=100 3'pad=100 strand=+ repeatMasking=none "
"270","TATTCCCCTTACCTTCTCTGCTTTTCCTTTTTTTGTTTTTGTTTGCTTTTTTTACACAGGGTCTTACTGTGTTGCCCAGGCTGGAATGCAATCATAGCTCACTACAGCCTCCATCTCCTGCTCTCAGATGATCCTTCTGCTTCAGCCTCCTGAATAGCTGGGGCTGCGGGCACACACCAGCACACTTGGCTAATTTTTAAT"
"271",">hg19_snp146_rs6121201 range=chr20:34885507-34885707 5'pad=100 3'pad=100 strand=+ repeatMasking=none "
"272","GAGAAAAGCCTTGGTCCTGAAGCAAAATACCTGGCTCCACATTCACTCAGTGAACCCGTGGGTCAATCCTCACCACTCTCTGAGCCTCGAAGTTTCCTTCTGAGAAAAAGGACATCTTTTCATTCAATCCCCACAGGTTTGTTGGGAGGTTCTAGGAAGACTGTGGATTGACAGCTGTTTGCAAACTTAAAACATGGCTCC"
"273",">hg19_snp146_rs7355803 range=chr3:29440920-29441120 5'pad=100 3'pad=100 strand=+ repeatMasking=none "
"274","TCTATCTATTAAGAGCTTGAAAAAATTGAGGTTTATTTGCCTTTTAGAAAAGAAGGCTGAGACAAATACTCTAGGAATGAATTGCTACTGAAAAGTTGCAAACATCCATGGCACTTCGGCTTTGGCCTCATGGTCTCAAAATAGCTGCCGAACTTCCAGCATCATGGCCTGATTACATCAATGTCCTGAATTTTGCCCATG"
"275",">hg19_snp146_rs13086016 range=chr3:29430643-29430843 5'pad=100 3'pad=100 strand=+ repeatMasking=none "
"276","ACTCTCACTGTCTTCTCTTCCCCTCTGATTGCCCAGGTATATCTCTTAGCCATGGGTTCTCATTTTTCTTCTTTGCCATTAGTTTGGCTTTTTTATTTTCTCTGTTAACACATTCCACCCTTGAGATTGCTGTAACAGTGATCTCAACCTCTGATAAGGTAAGTTTATAAACTTAATGAGGAAAAAATGGGGAAAAAGGTC"
"277",">hg19_snp146_rs61999675 range=chr14:106926046-106926246 5'pad=100 3'pad=100 strand=+ repeatMasking=none "
"278","AGCTCTTAACCTTCCTGAGCAACTTGTCCCAGAGTTAACCCTATGCTCAGTGTGTCTTGAGTGGCCTCTGCAGCCCAGGCCCCTCCTGTCTTCCTGCAGCGAGGTTTTTGTCTGGGCTCTCGCTGACTTCCCCTCACTGTGTATCTTTTGCACAGTAATACAAGGCGGTGTCCTCAGTTCTCAGACTGTTCATTTGCAGAT"
"279",">hg19_snp146_rs2027908 range=chr14:106927900-106928100 5'pad=100 3'pad=100 strand=+ repeatMasking=none "
"280","AGGAGACTGAAAAAGAAAGTGATTCTACATAATTATTAATTTGTGAGGTCCTCAAATACAGGGACTTATTCCTAATGAACAGGGTCCACATAGGTTGAAGAGGTTAACTTGATGCACCCACAAGATGGCTATAGATTCATAACATAAATAATATTCTCTAAACACATGAACACCCATACACATTAGAATAGATGTGCTGGA"
"281",">hg19_snp146_rs34928764 range=chr14:106946941-106947140 5'pad=100 3'pad=100 strand=+ repeatMasking=none "
"282","GATATTCACGAGTGAGGGACAGAGCTGGACATTTTAGTGAATCTCAGAGCTGCAGGGAAAGTACTGTCTTCAGCTACTCTTCTCTGCCTAGACTTGGGACTATTCTATAATTTCCTCACTGGATTAATAATCGGTACCTGTTGAATCCTGTGTCCACTGTTCAATATAACCCGGTAGGGTGGAACAATCGGAAAATCATC"
"283",">hg19_snp146_rs55880504 range=chr14:106948681-106948881 5'pad=100 3'pad=100 strand=+ repeatMasking=none "
"284","ACTATCATTAAGTCCTCTAGGTTGTCATTTGAAACTGCCCAATATTGATAGCATATGGACAAATGAAAACCTCAATAAGTAATTAGCTGAGTGATGTTTAATGTATTGTAGTGTGACCTACTGATGCTGAGCTACACGGTAGTTGTGCTGAAATGAGTGTGGGTAGAGGTCCTCCTCCACATGGTGTAGGTGAGCCTGAGG"
"285",">hg19_snp146_rs61996482 range=chr14:106951909-106952109 5'pad=100 3'pad=100 strand=+ repeatMasking=none "
"286","GCATTTTCTCTTTTCATTTGTAGTTAATCTAGATAATGCCTTCTTGCTTTTTTACATTTTCAAGAAAACAACTGTTTTGCTGATCCCTTTTGTTATTACTTATTTATTTTTGGAGATGGAGTCTTGTTCTGTTGCCAGGCTGGAGTACAGTGGCGCGATCTCGGCTCACTGCAACCTCGGCCTCCCAGATTCGAGGGATTC"
"287",">hg19_snp146_rs59287220 range=chr14:106955763-106955963 5'pad=100 3'pad=100 strand=+ repeatMasking=none "
"288","ACCATGCTGTTTTGGTGACTGTGGCCCTATAGTATAGTTTGAATTCAGGTAATGTGATGCCTCCGGATTTGTTCTTTTTGCTTAGTCTTGCTTTGCCTATCCAAGTCTTTTTTGGTTCCATATGAATTCTAGTTCTGTGAAGAATGATGGTGATATTTTGATGGGAATTGCATTGAATTTGTAGACTGTTTTTGTTTTTAA"
"289",">hg19_snp146_rs8003751 range=chr14:106962691-106962891 5'pad=100 3'pad=100 strand=+ repeatMasking=none "
"290","CATCAGCTTGACTGATTTCTGCTTTTACCTCTCTGCGAATTTTGCATATAGGGTGACAGTTATTAGAAATATTTCCTGTATAGAGTGCGTACATATTTCTATTACTCATATTCCTCAATTGCTTAGCCTATTTTCTGAACAACTTTAAACATCGTAAGCCCTGTAACCTCCTCATTCAGTGAAGCTGCCTCCTCCTTGGGG"
"291",">hg19_snp146_rs12587590 range=chr14:106964465-106964665 5'pad=100 3'pad=100 strand=+ repeatMasking=none "
"292","GCCTGTCATGTGCTGCATGCAGGTGAGTTTTTAAACTTCAGATGAGGAAAATAACATGACCACATAGAAGATGAGGAAATTGAAGACGTCACTTCATCAACCACATTCCGCTGATGAGAACTTTTTACACAGAGAGCCAGGGATGAGCTGGGAAGAGGAAGGGGCTGAGGAAGATCATCCATAGAAGGACACATCCAGCCT"
"293",">hg19_snp146_rs2005645 range=chr14:106966141-106966341 5'pad=100 3'pad=100 strand=- repeatMasking=none "
"294","TATATGTTAATTTGGAGTTTTTCTAACTTCTGGTTTACAATGTCCCTTCCCAGAGAGTAAGATTTTTAAGCTTTTAGTGAGGCTGGAAAAAAAAATTTTTAAAAAAGAGAAATAAGCTTTCCTGTATTAGGCTGACTTATCCCAGCGGCAGCAACAAGCACAGCCCAGACCCAGGAAAAGTCTTAATAATATTATCTAATG"
"295",">hg19_snp146_rs12587347 range=chr14:106969413-106969613 5'pad=100 3'pad=100 strand=+ repeatMasking=none "
"296","CCTTGTCTTACTCTCTGCCATTCTCTTTCAGTTTCCCTACGTTCTCCTTCTCTGACAGAGCCTGTGCATTGTCACACTTTCATCTTTAATTTGTGCATCCCGGAAGTATCATATGTAGTTACAATTGAATCTTAATAATTTAGTGCTCTTCTTTCTATGGAATGTGACCTATATACAGAGTCTCCAGAAGTCAAATTGATG"
"297",">hg19_snp146_rs60703467 range=chr14:106922853-106923053 5'pad=100 3'pad=100 strand=+ repeatMasking=none "
"298","TATTTTTTAGGAATGTGCAGGGTTTGAACAATTCATACCTGCTGAGTTAACCCAGTGCTATACACAAGTCCAGATGGGATGGATTGTGGATGGCCAGGCTCAGAAGAGAGGATAGAGATGGCCAAGTTAGGACCCCAGGGAGGAGCCTGAGGGAGGGAAATCGAGAACCTCTGGAGGGGCCCATGAGTGTGCCTGATCTGT"
"299",">hg19_snp146_rs61996483 range=chr14:106952192-106952392 5'pad=100 3'pad=100 strand=+ repeatMasking=none "
"300","GGGTTTCACCATGTTGGCCAAGATGGTCTCAATCACCTGACCTCATGATCCGCCCCCCTCGGCCTCCCAAAAAGCTGGGATTACAGTCATGAGTCACCGCGCCCGGCCTTGCTGATCCTTTATAGAATTTTTTTTCTGTATTTTAAAATTCTGCTCTGATATTTACTGTCTATTTTTTCTACAATTATGAATTCTGTTTGT"
"301",">hg19_snp146_rs1041177 range=chr9:12795598-12795798 5'pad=100 3'pad=100 strand=- repeatMasking=none "
"302","CACATGGAGACCGTTTGGTACCCAAGAAGACAATTGTAAGAAAAAAATAGAGTAAGTGTGCCAAAATACAAGACGACTTTCATTGTATCACTTCCCTAACATAACAACTACAAGTGGTCGTGTTGCCTTTCAAACCGTGTTCAAACTTCTTAGCTTGGCATTCAGTATTCTTTATTAATTAGGCTGATTTTACCTTTTCAG"
"303",">hg19_snp146_rs16929574 range=chr9:12796618-12796818 5'pad=100 3'pad=100 strand=+ repeatMasking=none "
"304","ACCTCATTCCTTTTACGATAAAATTTTGCAATTCTTGATTTATTTTTCTTTTGCCAACTGAATATTCTAATAGTTTTTTTTAAAAAAGAGTGCATAAATGCTGTATTTACTGAGCTCTCACATAGAGGCAAAGAAGCAGATTAAGCATGTGAACTTCAGAGCCAAGTAAATCTAGGCCTGAATCCCAGCCCCTTCACTTTC"
"305",">hg19_snp146_rs10491741 range=chr9:12798928-12799128 5'pad=100 3'pad=100 strand=- repeatMasking=none "
"306","GATGTTCTGATTCTAATTCCCTTTTTTCCGCAATACTAAATAATAGGAAAATATTTTTATTATGGTCTGGTCAGTGTAGAATTGGCCTTTCATATTCTATGAACATTTTCTGATGACAGTTTAGGACTGGATTAAAAAAAGAATAATCTTTCAAGAAAGAAGCAATTCTACAACTGAAGTTAAACAGAGACTGACCTGCAT"
"307",">hg19_snp146_rs5896538 range=chr9:12800434-12800633 5'pad=100 3'pad=100 strand=+ repeatMasking=none "
"308","CATGTCTTTTTATAGGGTGTCCAACTGACTGGGATACCATTTACTACACTGTCTTCATTATATCAGGAAGTTCATAGGGGTTTAGCAAAACAACAAAACAAAAAAAAAACAAAAAACATATTGAATCAAAAAGAAAAAATCTCTTACTCATTTGTTGAATTTAAATTTCTGAGCAAGAATCATTCAAGAATATCTGAATA"
"309",">hg19_snp146_rs73403686 range=chr9:12803182-12803382 5'pad=100 3'pad=100 strand=+ repeatMasking=none "
"310","TCACTTGTCTTTATATTTCATTGTCACTAATGTGTTTGTTTTTCCTATATCTTGAAAAATTTCCTATCACTTCTAACATGCTGTATCAGAGAACCAAGACATTTTCAGGCTGAAAGGAATTTTGAAGATGATCCTCAATATTCTTATCTAACAGACAGGAGAATGGGGACATGGGAAGATTAGATACTTGTTATAGTACAG"
"311",">hg19_snp146_rs73403690 range=chr9:12803775-12803975 5'pad=100 3'pad=100 strand=+ repeatMasking=none "
"312","AAGGACAACTTAAACACTTTAATTTCTACAGACTAGAGATAAAGCATAAAAATTTAGTCATTGATATCCTGTGGTGCCAGAGATATCATTAAGGTATTTGTGGAAAATAAAATGTAAACAGCTACATGAAATTATTAGCCCTGCATCATCACAATATTCAATACTTGGTATATGCTGAATTGCATACCATCTGAGACAGAA"
"313",">hg19_snp146_rs11790686 range=chr9:12810630-12810830 5'pad=100 3'pad=100 strand=+ repeatMasking=none "
"314","TACATAGGAAGCATTTGATAAATGGCAGATACTATTATTAATATTCCTAAAGCCATTTTAAAAAGCTAAGAATGAATAAATCACTAGATTGGAAAGTTAATGTATTATCAGTGAATGTTGGAATATGTCAGGTGTCTCTTATTGGATGCTCTTCAGATCACCACTTACAGCTAGTGAAACTCTCCCATCTGGAGAGTCCCA"
"315",">hg19_snp146_rs73403693 range=chr9:12811080-12811280 5'pad=100 3'pad=100 strand=+ repeatMasking=none "
"316","CTCAATAAACCTAAGTAACTTTTATTACCATCCTAATCACCTCCTCTTTTTCTCCTACTGAGGCCAACTCAAAGCACATTTTGAAATTAAATGAGGAATTCTGAAAAGCAAGATTGCAACTTAATAAAGTTGTCAATATTGAAAATTTAGTAGTTTCAGTTTAGTTAATCTCGCTGCATTTTAAGCTCTTTAAATTATATC"
"317",">hg19_snp146_rs73405903 range=chr9:12813452-12813652 5'pad=100 3'pad=100 strand=+ repeatMasking=none "
"318","TGTTTAAGGACATTCTATAGACAGATTCAAATTGGCCATGTAGGAGTATTTATGCTACAGAAATTTAAAAACACTATAAAGCAGAACTTGATTTTTATTTTATTGGTTGTCTAGACTTAAGTGATAGAGAAAATTTTAATACTGCAGATTGAAATTGAAATTTGTGGCATGTCCCTAGTTATTACATTTCCAATAGTGCCA"
"319",">hg19_snp146_rs3802478 range=chr9:12816965-12817165 5'pad=100 3'pad=100 strand=+ repeatMasking=none "
"320","TTTTGCCAAGTGTTTACAGAACACCCATGCTGTGCTAGTATCGGTTATCACCTCTGAACAAATAGAATAATGTTTGGAGTGTGACTTACACCTTGAAGTCCACTTCCTTTTAGAGATACTATCTCATATTCTGTAAATTTAAGCTAGGAATAACCTCACACCAGTTACTCGGTGTTTGAATCTGGAGAAGGAATAGAAGGC"
"321",">hg19_snp146_rs7856384 range=chr9:12794642-12794842 5'pad=100 3'pad=100 strand=+ repeatMasking=none "
"322","AAACACTGATGATGCAAATCTATAGTAAACATACATATTTCCAAATCCTCACTCTTTGTTGAGCAACTGAGACAGATGGAAACTCTCAGCTGCACACCATTTAACAACATAAATGTCCACACTTTGGACATTACTCCCCATCTCTGCTTGTAGAAGTGTTTGTGTGAGAGGCATCAAGTGACTAAAGATATGTTTTTAGGC"
"323",">hg19_snp146_rs73403697 range=chr9:12812527-12812727 5'pad=100 3'pad=100 strand=+ repeatMasking=none "
"324","AAGTTTACTAAAGCACTACTGGGCTGCACATAGCGTGTAGGAAATAGAATTGGGAGAATGAAGAAGAAATATGGGGCATAAGATCCACGGCAAACAGATTTAATTATAGTATCAAGAAATTACTAAAAGAGAAGATAAAGCATTTGAGTAGAAAAGATGTCAGGAATCATGTAAAAATAGAGATTACAGTCCTATCTCCTC"
"325",">hg19_snp146_rs12037841 range=chr1:207684092-207684292 5'pad=100 3'pad=100 strand=+ repeatMasking=none "
"326","TTCCTTCCTTCCTTCCTTCCTCCCTCCCTTCCTTCCTTTCCTTCTTTCCTTCTTTGCTTTCTTTCTTTCCTTTTTACTTTCTTTTTTTTTTTTGATACAATGTCTTGCTTTGTTGCCCAGGCTGGAGTGCAGTGGCATGATCAGCACTCACTGCAGCCTCAACCTCCCTGACTCAAGCGATCTTCATGCCTCAGCCTCCTG"
"327",">hg19_snp146_rs6656401 range=chr1:207691949-207692149 5'pad=100 3'pad=100 strand=+ repeatMasking=none "
"328","TTCTGTGCCTCTCTCCAGGCTTCCTTCCAGTGGCTGCTGGCAATCGTTGATGTTCCTTGGCTTGTAGATGCATCATTTCCTTCTCTGTCTCCATCTTCTCATCGCCTTCTCCTCTGTGTGTGTCCTTTGCTCTTCTGTCTCCTATAAAGACACTGGACATGGATTTAGAGGCCACCCTGGCAATCCAGAATGGTCACAGCT"
"329",">hg19_snp146_rs6661489 range=chr1:207697944-207698144 5'pad=100 3'pad=100 strand=+ repeatMasking=none "
"330","GCTGGTCTCGAACTCCTCAGCTCAAGCAATTCACCCACCTTGGCCTCCCAAAGTGCTGGGATTATAGGCATGAGCCACCGTGCCCGGCCTCTATGTTTTATAGAGAATATGTGCCTTAGACACATCAGATAACATTCTGAGACAGTAACTTGCAGACAAAACTGGATTGCAAGTCCACCTCACTCCAGAGCCTTGGCTTTG"
"331",">hg19_snp146_rs7515905 range=chr1:207737977-207738177 5'pad=100 3'pad=100 strand=+ repeatMasking=none "
"332","CTCTACTAAAAATACAAAAGTTAGCTGGGTTTGGTGGCATGTGCCTGTAATCCCAGCTACTCCGGAGGCTGAGGCACCAGAATCACTTGAACCTGGGAGGTGGAGTTTGCAGTGAGCCGAGATGGCACCATTGCACTCCAGCGTGAACAATGAGTGAAACTCCATCTCAGGAAAAAAATCATATTTTACAAGCAAAAGGGA"
"333",">hg19_snp146_rs1752684 range=chr1:207747196-207747396 5'pad=100 3'pad=100 strand=+ repeatMasking=none "
"334","GGCAAGCACAGTGGCTCACATATGTAATCCCAACACACTGAGAGGCTGAGGCAAGAGTATCACTTGAGCCCAGGAGCTCAAGACCAGCCTAGACAACATGACAAAAACCCATCTCTACAAAAAAGTATAAAAATTAGCTGGGCATGGCAGCATATGCCTGTAGTCACAGCTAGGCAGGAGACTAAAGTGGGAGGATCACCT"
"335",">hg19_snp146_rs679515 range=chr1:207750468-207750668 5'pad=100 3'pad=100 strand=+ repeatMasking=none "
"336","TGCCTGTAATCCCAGCTACTCAGGAGGCTGAGGCAGGAAAATCGCTTGAACCTGGGAGGCGGGGGTTGCAGTGAGCTGAGATCACGCCACTGCACTCCAGTGTGGGGAACAGAGTGAGGATCTGTTAAAACAAACAAACAAACAAAAAAAAAACACATGGACTCTAATAATACATGGATACATTTAGTGAAATAAGGTTAA"
"337",">hg19_snp146_rs3818361 range=chr1:207784868-207785068 5'pad=100 3'pad=100 strand=- repeatMasking=none "
"338","GCTTAGGGTATGCTCACCATGCAGGATTTCTGGAGGCGGCTGACACACTGTGGAAAGGACAGTTCCAGAGCACTTGTTAGATATGGGGCAATTTCCTTTGTTATATCTTATGCTTACCAGAGGGCTTAAAAATCGTCATTGCAGAGTGCAGCTATTAAAAGAGAAGATTGGTAGTTCAGTAGCCACATCTCACTAACAAGG"
"339",">hg19_snp146_rs6701713 range=chr1:207786189-207786389 5'pad=100 3'pad=100 strand=+ repeatMasking=none "
"340","GGTGCCCAAACAGGGGTGCCCATGACCCCAAAGCCCAGAGGAGGTGTTACAGCACACTAATGGCTCTTAGCATTTGATAATGCCTGCAGCCCAACAGATGACAGTGTGCTTAACAGCTCTGTCAATCCTGTCGCCCCACATCTCCTGTCGCCCAGCTCTGGCTTGATCCGCTGCTGCTTCCTTTCGCGTGGTACAGCTGCC"
"341",">hg19_snp146_rs2093761 range=chr1:207786442-207786642 5'pad=100 3'pad=100 strand=- repeatMasking=none "
"342","TCCATAAAAGCCCCAGAACCAGCCACGCTGAGAGAGAGAATGACCCCCTGACTTCATCTGGGGTCCACCCTCGTGTCTCGTCTCCGCTGAGAAGCTGTTTTGTCACTCAATAAAACTCTTCTCCACCCTCCTCACCCTTCTATTGTCAGTATAACCTTGTTCTTCTTGGATGCGGGACAACAACTCAGGACCCACCAAACG"
"343",">hg19_snp146_rs2093760 range=chr1:207786728-207786928 5'pad=100 3'pad=100 strand=- repeatMasking=none "
"344","CAAATCCTAGGCAGATGGGGCAGATCCCGGTGAAACCCGACCTTCAAGCTGAAGACAGTTTAAAGCCTAGCTACAAGTTCCAGGTAAATCCATGGACTGGTTTGAGAACCTCTCTTCCCATTTGGTGTGCTTTCCTCTGATTGATCCTCACTGTTCATTTAGTTTACATATACCTGAGCTTCCCTAATTGGTTTTTTACAC"
"345",">hg19_snp146_rs2296160 range=chr1:207795220-207795420 5'pad=100 3'pad=100 strand=- repeatMasking=none "
"346","TTTACATTTCATTCATTATAGGTAGGTACTTACTGTTATAGATGCCAGAATTCCTCAGCAAAACTTTCATAAAACTTACCAACTATGAGAGCATCATGTGTACCTAAAAGGAAGACAAAAGTCACAAAACATCACTCTGGCATGCAACATGATTGAACAGGACCTCTCAGCCAGTGACAAGTCATCCTGATTTTTCTTCAG"
"347",">hg19_snp146_rs10863417 range=chr1:207796797-207796997 5'pad=100 3'pad=100 strand=+ repeatMasking=none "
"348","ACACACAACTGTAATACCAGCTACTCGGGAGGTTGAAGCATGAGAATTGCTTGAACCCAGGAGGCAGAGGTTGTAGTGAGCCAAGACTGTGCCATTGCACACCAGCCTGGGTGACAGAGTGAGACTACATCTCAAAACACACACACACACACACACACACACACACACACACACACACACACACACAGCATTTTAAGAAGG"
"349",">hg19_snp146_rs10779335 range=chr1:207798594-207798794 5'pad=100 3'pad=100 strand=+ repeatMasking=none "
"350","ATTTTTTTCATATTCTTTAAAGTGTAATGTCCATGGCACAACCATTCTCTCTCTGACCAGTGGCTACCAGAAATGTGGCAGAAAGAAAGATCATGATCCTCGTTAGACTTAAAGGTCAGGGATGTAAACCTCCCAAACATCTATGTAACCCACACTAAAACCTATTCTATATGTGTAATCCAGGAAAGTTTTTAAACATTT"
"351",">hg19_snp146_rs10863420 range=chr1:207799774-207799974 5'pad=100 3'pad=100 strand=+ repeatMasking=none "
"352","CTGATTATTCCTTATCTGGAGCTCAAGCTTTCCTCACAGAAAGACAAGGGCATAAAGGGCCTCATGGCAAAGAAGAAGGAAGCCATGTGGGAAACACAGAATATGAGTGGAGAGTATCGTAGTGGTCACCAAGTCAGAAGAGCCATTTATCCTGGAGCTAAAAAAGACTGACAGATATAGAATAGTGTAGAACAAGATGGC"
"353",">hg19_snp146_rs4844610 range=chr1:207802452-207802652 5'pad=100 3'pad=100 strand=+ repeatMasking=none "
"354","AGTGAGGAATAATACTGGTTAGACTTCTTCATTCAGAGCCCATTATTGCCTCTTGTTACTGCCTCGTACCCACTCCCATTTCTACACAAAACAGCCTTGTACACAGTCAAAATTTCAAAGTTTCCATTGTTGTGATGTTTAGAATGATAAAATACTTAAGGCCATCCTCTGTGAAGTCTCCCTGAATTTTCCTATGTTCAC"
"355",">hg19_snp146_rs1408077 range=chr1:207804041-207804241 5'pad=100 3'pad=100 strand=- repeatMasking=none "
"356","TTCTCAAAGTTTCATAGCATAAATACAGGAAATTATAGGAATGCTTTGAAAAAGTAGTGACTGTGACTGTACTAACTTATAGAGTCATCACCCCAAAACATTGGAAATGACAATAATAATCCAATAAAAAAAAAAGAAGTTTCCAACTCCTGAAGTACTTTCTAAATTCTTTGGTATCAATGACCTACCTAGTGCAATATC"
"357",">hg19_snp146_rs6697005 range=chr1:207806630-207806830 5'pad=100 3'pad=100 strand=+ repeatMasking=none "
"358","CATCATTGTTAAAAACAAGAAATAGGGGAAAATATAAAAAATATAAAAATTACCTGCAATAATCTCTATCTAGTAGTATTCTTAAGCTTCTTTGCATATTGTTAGACATTTGCATATACACCTTGAGATTATATTGATTGCACAATATTGAATCCTGCTTTTTTTACCAAATGACAAACATTTCTCCCATCATTATAACAG"
"359",">hg19_snp146_rs4844600 range=chr1:207679207-207679407 5'pad=100 3'pad=100 strand=+ repeatMasking=none "
"360","TTTCTCCATTAACTTTGATGCTTCTATGGTCTTGATCTCCAGGTCAATGCAATGCCCCAGAATGGCTTCCATTTGCCAGGCCTACCAACCTAACTGATGAATTTGAGTTTCCCATTGGGACATATCTGAACTATGAATGCCGCCCTGGTTATTCCGGAAGACCGTTTTCTATCATCTGCCTAAAAAACTCAGTCTGGACTG"
"361",">hg19_snp146_rs4562624 range=chr1:207685865-207686065 5'pad=100 3'pad=100 strand=+ repeatMasking=none "
"362","ACAGTGTATAACATCTTTGTCTTACTCTTCTCTTTGGATAACTGGACTCCTTTACTTTTCTTCTTGGTATTTAAAAATGTTACTTTTACTAGAAAGTTTAAGAGCTTCAGAATCTAAGTTTACAAATGACATTGGTCACACATTTATTGCTGTTTATCCACTTTAAGAAACAGTTTTGCTATTTTGTAAAACAAATTGGGA"
"363",">hg19_snp146_rs1830763 range=chr1:207800289-207800489 5'pad=100 3'pad=100 strand=- repeatMasking=none "
"364","TTTTAAAGAAGGTGAGATCATTTCTGTGTGTGTATTCCTTCTATTTCTCTATCACTTTAGTTTCTTTTCTTGTTTTATTTTATTTAATTTATTTATTTATGTTTTTCAGATGGAGTTTTGCCTTTGTTGCCCAGGCTGGAGTGCAGTGGCACAATCTCAACTCACTGCAACCTCCACCTCCTGGGTTCAAGCAATTCTCCT"
"365",">hg19_snp146_rs6733839 range=chr2:127892710-127892910 5'pad=100 3'pad=100 strand=+ repeatMasking=none "
"366","CCTATGCATAGCCAGTGACTTACGCTGACTTTTCTGGAAACTGGGACTTTAAATAGGAGTTTTTAAAAAGGAAAGAAATCTCTGTTCTGCTTCTTAAAAACACCCTTTTCCCCTTTTTACTTTCAGAAGAAGGAACCAGAGAAGACTAGAAACAGGATGGAACGGGAAGGTGGAGGGAGAGGCGAAGGGGAAGTCTCGATG"
"367",">hg19_snp146_rs4663105 range=chr2:127891327-127891527 5'pad=100 3'pad=100 strand=+ repeatMasking=none "
"368","GTGGCACAATCCTGGCTCACTGCAGCCTCGACCTCCCAGGCTCAAGCAATCCTCCTACCTCAGCCTCCTGAGTAGCTGAGAACACAGGTGCATGCCACCAAACCCAGCTAATTTTTTTTATTATTTTTTGTAGAGATGGGGGTCTCACTAAGCTGTCCAGGCTGGTCTTGAACTCCTGGCCTCAGGTGATTCTGCCACCTT"
"369",">hg19_snp146_rs7982 range=chr8:27462381-27462581 5'pad=100 3'pad=100 strand=- repeatMasking=none "
"370","TGCCCTTCTCTCCGTACGAGCCCCTGAACTTCCACGCCATGTTCCAGCCCTTCCTTGAGATGATACACGAGGCTCAGCAGGCCATGGACATCCACTTCCATAGCCCGGCCTTCCAGCACCCGCCAACAGAATTCATACGAGGTGAGAAGGGGTGGAAGCTCATGGCCTTTTGAGCAACTCGTTAGATGCTGAGAACCATGC"
"371",">hg19_snp146_rs11136000 range=chr8:27464419-27464619 5'pad=100 3'pad=100 strand=+ repeatMasking=none "
"372","TGCAGACTCCCTGAATCTTACCTTTCTATTGCAACCATGCCTCCTGGCGTGCAAAGGGAATGGCAGGCATTCAGCACCAAAGCCACACCAGCTATCAAAATTCTCTAACGGGCCCTTGCCACTTGACCCAATAATTCTGTAAGAATCTGTCTCAGGCCAGGTGCGGCAGCTGACACCTGTAATCCCAGCACTTTGGGAGGC"
"373",">hg19_snp146_rs4236673 range=chr8:27464829-27465029 5'pad=100 3'pad=100 strand=+ repeatMasking=none "
"374","GGGTGACAGAGCAAGACTCTGTCTCAAAAAAACAAAACAAAACAAAACAAAACAAAACAAAGACTCTATCTCAAAGGAATCCCCTGACAAAGAAAAAGATACTTAAAAATATTTGAAACAGTATTAGCTTATGGCAAAAAAAAAAAAATCAGAACCAACCCAGATGCTTAAAAGAGACAGATTAAACAAACTATGGTTCAT"
"375",">hg19_snp146_rs11787077 range=chr8:27465212-27465412 5'pad=100 3'pad=100 strand=+ repeatMasking=none "
"376","TCCTTTTCTACTTTTCTATATTAAAGTCTCTATGAATGAGTGTGTTAGTCTTCAAAAAAAAAAAAATAGCCTATCCACACCCCAGAGTTAGGTGAGGTCTTTGTCCTGCTCCATCATCCCCTGTCCCCTGCTGGGCAAGGACAACCCACCTCCCACTGAGCCAAGACACAAGCGCCACCCCTGCTACCTACTTCCTTGCCT"
"377",">hg19_snp146_rs867230 range=chr8:27468403-27468603 5'pad=100 3'pad=100 strand=+ repeatMasking=none "
"378","AAGCCACATCCTCCCCGACAATCAGCGAGGCACACAGGCTTTCTGCATCCTGGCCTCCTTGTCCAGAGTGGTATCGATCATGTCAGACACTGAAAATACCCCCCTTAGGTCATGCATCCGTCCCTCCCCATGCCACCTCCACAGAGGGACTGCATCCCAGAGACCAGCCACGTCCTCTGCAATGTGCACCTAAACCTTCAC"
"379",">hg19_snp146_rs2279590 range=chr8:27456153-27456353 5'pad=100 3'pad=100 strand=- repeatMasking=none "
"380","CACATGAGTGTCTGTGAACCAGGTCCGTTCTGTCCACTGAGCTGTACTTACGTCTAGATGTATAAGAAGCATGGGGTCAGCTCTCTAGGTTTCCTTGGAGAAGCAGGAGGACTTCCTTATCAGAAGCCTGACTTCTGTTGCAGAGCGCATGCATTTTGACCACAGTGTTTCAGCTCTTCCCTTTTCTCTTGTTCCATTTAG"
"381",">hg19_snp146_rs1532276 range=chr8:27466057-27466257 5'pad=100 3'pad=100 strand=+ repeatMasking=none "
"382","GGTGCTGTGTGCCTGCCTTAACCCTAACCATATCACCCCTATTAGATAAGCTTCCTGAAGGTTGGACGCCACGCCTGTCTGGGCCCCTGCCGCCACCCCATCCAGAGCCTGCTTGGAACTAGCATGTGATCAGGGCTTAGAAACATCTATTGAAATGAATCTGGGCATTAGGCCCTGGGCCAGGCTCATAACAAAACCAGA"
"383",">hg19_snp146_rs1532277 range=chr8:27466081-27466281 5'pad=100 3'pad=100 strand=+ repeatMasking=none "
"384","TAACCATATCACCCCTATTAGATAAGCTTCCTGAAGGTTGGACGCCACGCCTGTCTGGGCCCCTGCCGCCACCCCATCCAGAGCCTGCTTGGAACTAGCATGTGATCAGGGCTTAGAAACATCTATTGAAATGAATCTGGGCATTAGGCCCTGGGCCAGGCTCATAACAAAACCAGATCCAAGATCTCACTCCCTGATGCT"
"385",">hg19_snp146_rs9331896 range=chr8:27467586-27467786 5'pad=100 3'pad=100 strand=- repeatMasking=none "
"386","GCCGGCATTTGCAGGCATTTCCCAAGCACTTTCGGCTGTTGCATTTCATTCAGCTCTTCCCCTCCCAGGCCCCTTAGCCCAGCTCCCAGGCCTCCTCCACGAAGCTGTGTCTGGACCACCGGAGCTCTTATCCCTCTCCCCTTTGGAGTGCCCAGAGCTTATCCCTCCTGTGAGCTGACGGTTTCTGCAGGATCATTGTTA"
"387",">hg19_snp146_rs57735330 range=chr8:27204947-27205147 5'pad=100 3'pad=100 strand=+ repeatMasking=none "
"388","ACCACAGACTGGGCAGCTTCAACAACGGAGATTTATTTTCTCCCGGTACTGGAGGCTGGAAGTCCAACATCAAGGTGTCAGCAGGGCTGGTTTCTTCTGAGGCCTCTCTATTTGGCTTGCAAATGCCATCTGTTGCCTGTGTCCTCACATGGTCATCCCTCTGTGTGTGTCTGTGTCTTAATCTCCTCCTCTTATAAAGGC"
"389",">hg19_snp146_rs6987305 range=chr8:27208026-27208226 5'pad=100 3'pad=100 strand=+ repeatMasking=none "
"390","CCCCACTCAGGGACCTTGCTGTTATACATTCTCCAGTCCCGTGACTTCAGGGCAAAGATCAGTAGAGCCTCCTGTTAATAAGTGGGGGAACTCCTGCTTCGTAATAAAGTTGCAAGAGGTCGGACATAACACAAGTGCGAACTGTTAACCCCAGTTGTAACTAACTTTTTAAAAGTATAGGTATTTGGGGCTGGGCAAGGT"
"391",">hg19_snp146_rs2322599 range=chr8:27211810-27212010 5'pad=100 3'pad=100 strand=+ repeatMasking=none "
"392","AGGGTGGGGTACTGTGTTTGCTTCCTCTTGATTAATGTGCCCCATCCTGTGGTCCAGGCCAGGACGGGGAGGAAGAGGAGATGGTGTTCTGTGATGAGCCGTCTCCACTAGCACACAAGGCTGGCCTGGGAGGAGGAACAGTCTCACAAAGAAAGCCAGTGAAATTCTCCCAAGCAGGGAAAGGAGACGTTGCAGACAGAT"
"393",">hg19_snp146_rs73223431 range=chr8:27219887-27220087 5'pad=100 3'pad=100 strand=+ repeatMasking=none "
"394","GTGTTAGCACCCCCACACTGTGGCTCTTCTAGCCCAATGGAGAAGGGCTAAGGGTTTCTAAAGTCGTTGACCTAGGGATTTACTGTTGGGATGAATTTCTCACCTAGGGGAGGTGTTCTGTTTTTGCTGAGAGATGACTGTGGGGAGCAGGGTTCTCTGCTCCTCTGACACTACTCATCCTCCTTCCCAACACCTGTGGGC"
"395",">hg19_snp146_rs17057043 range=chr8:27220210-27220410 5'pad=100 3'pad=100 strand=+ repeatMasking=none "
"396","TTCCAGCAGTGACAGGAGGGACCCAGCCTCGGGAGCCTGTCTCTGAGAGACAGATGCAGGCAAAGAGCCGTTACCATGCAAAATCTAGAACTGTTCCCACGTGAAATCTAGAACTTCTCCCACACGAAATCTAGAACTGCTCCCACACGAAATCTAGAACTGCTCCCATGCGAAATCTAGAACCACTCCCATGCGAAATCT"
"397",">hg19_snp146_rs28834970 range=chr8:27195021-27195221 5'pad=100 3'pad=100 strand=+ repeatMasking=none "
"398","GTCACACCGTGTTCTCCACTCCCCCGTCCCCTGGCAAGACTAATCTACTTTCTATTTTTATGGATCTGCCTTTTCTGGTCATTCCATATAAGTGGAATTGTACAACACTGTGGCCTTTCGCGACGGCTGCTTTCACTTAGCACAATGTTTTGAAACTTCCTCCATGTTGTAACATCTATTAGTACTTCGTTTCGTTTTGAT"
"399",">hg19_snp146_rs141249535 range=chr18:29055089-29055289 5'pad=100 3'pad=100 strand=+ repeatMasking=none "
"400","AGTTATGAAAACAAAGAAGACTTTGAAAAGTAGGATGCTTGCCTCTCATTTGATAACCAAAGATTAGTGGGCAGAGAGGCACGGTTAGAATGGATCTCACATTGAGTTTTGGTATCAATACTGGTAAGTGCCAAGGTCTGACCTAGTATCCAAGCAGACAAAGAGTGATATTGTGTTTGAAGAAAGACTGCAGGGCAGGGG"
"401",">hg19_snp146_rs7229430 range=chr18:29065983-29066183 5'pad=100 3'pad=100 strand=+ repeatMasking=none "
"402","TTGAAATTCTGCATCTCTCAACCAAAGTGCTTACAATTATCATTCTAGGTCATTTGGAAAGATTTTTAAACCCACTATTTTACTTCCAGGTTCACTCTCCGAAGCTACTGCATTGTTTCTATTTCACTTTTTCATTGCACATAAGACTGTCATTGTCTATCTACGAATGAATAATTGCCAAAAACCAGTTTTGTCTGTTTT"
"403",">hg19_snp146_rs74481103 range=chr18:29074945-29075145 5'pad=100 3'pad=100 strand=+ repeatMasking=none "
"404","CACTGTTTTCCATGTTGATGCTCATGCGTCTGTTTGCTCTTGACAGACTATTTCATCAGCAGGCAGATCAACAGGCCAAAATTTCCACCATAACTGCAAACTTGAATGTGGATGAATGGATTACAACATGTTCAAGACTTGCAATGAGAGGCTTTATAATGTATGGTGGTATAATTGATAGTGCTTACCGGGGAGAGTTAA"
"405",">hg19_snp146_rs73414289 range=chr18:29079100-29079300 5'pad=100 3'pad=100 strand=+ repeatMasking=none "
"406","AAAGGGGTTTTAATAAAGTGACAGTTATGCTGCAAATATAGGTGTGAGTTCACCTTCCAGAGAGTTCACAAATATGTGTTTACAGAGATTAGATGCAAAATCATACTCAGTTTTCTTACGTAATAATTAAAAATGCAAATACATTCACTATATTCAAAGTTCTAACTTCCAAAACATGAGCCCTTCTATCCTCGAGTTTTG"
"407",">hg19_snp146_rs56848605 range=chr18:29080547-29080747 5'pad=100 3'pad=100 strand=+ repeatMasking=none "
"408","CTTTCAAATCTCATGTAAATACTAATTGAACCCAAACCCCATTCAGAACGAAGCCTGCAGTGGAGTCTGTGACACATGGTCTTTCGCTTTCCTCAGCAGTGCAGGGAGACACACCAGAAGGTAGCTGTGTCACCCACATAGCTATCAAACATTTAGGCCAGCTGTATCAAAATGGGAAAAAGAAATAATTTTCTGAATAAA"
"409",">hg19_snp146_rs57047618 range=chr18:29081660-29081860 5'pad=100 3'pad=100 strand=+ repeatMasking=none "
"410","AAATTTCCCCATTTTATAAGAACATCGGTTGTACTGGATTATGCCCCAAAATAATGACCTCAGCTTGGTTAAATCTGCAGAGACCCTATTTCCAAATAAGCTCACATTCTGAGGTACTGGTGGTTAGCACTTCAATATATTATCTTTTAGGGGTCATAATTTGATCCATAACAAGTGGATTCAAGTATCTATAAATTATCA"
"411",">hg19_snp146_rs59665004 range=chr18:29082131-29082331 5'pad=100 3'pad=100 strand=+ repeatMasking=none "
"412","GTACTCTCTGATTATTAGAAATCCCCGATAAGCTAAATTAAAGTTTCCAAGGCTAATATTCTGTGGTGTGTGAGTGTAGTGAGCCCTGGGGCGGGCTCACTACAATATAAATATGTATTTATAGAAACTTCCCAATTGATCTAATTGTCAGACAAGTGTAAGCGTGAGAATTACTGGTCTATATTTTGCAAAAAAATCTAT"
"413",">hg19_snp146_rs10502571 range=chr18:29082916-29083116 5'pad=100 3'pad=100 strand=+ repeatMasking=none "
"414","GATGAGAAACTATCTTCTCAGTTTTGTTTTTTATTAAGTTTTTGTCATATGCAAAGCTTGGTGATTAGAGTGAAGAAGCTGGAACAACAGAATTCCTACCGTGGTCGATAGTGAGATGAGAAATGTCCATAAGAAAAGAAACCAGACACATGACCCCTATTTAGTGAATCCCTGCTTGATGCTAGGCAATGTGCTAAACAC"
"415",">hg19_snp146_rs73416205 range=chr18:29083462-29083662 5'pad=100 3'pad=100 strand=+ repeatMasking=none "
"416","AGGAAGATAGGCCTTCAAGCCAACAGAAGCCCAGAAAAGCTACTTGCCAAGGAAGTGTTTTCAGGGAGGTATTCACATCACTAAGTAAATGAAAAGATGGGCTTTGGGTGAGATGGTCAGGAAAGAGTCAAGAAAGAAGAGATAGGATTTGAGTGATTAAGTATAATTGCGCCCAGTTAAAAAGAGAGGCAACAGGCATTG"
"417",">hg19_snp146_rs112745891 range=chr18:29084417-29084616 5'pad=100 3'pad=100 strand=+ repeatMasking=none "
"418","TCAGTTATCGCCTTCCTTTGCTTTCTCAGTATTCTGGGGTTCCTTTCACTTACAGGAACCTGCAGTGCTTCTCACCCCTTTTTATCTGGCCTAGCACGATGGGCAGACGGCAGAGGGGGGGACACAGTACATATATTACTAGGAGACATCAAGTAGGGGTGGGAGACAATGGCAGTGGCCAAGAGGGTGCTGCCCTTAGG"
"419",">hg19_snp146_rs57843942 range=chr18:29085678-29085878 5'pad=100 3'pad=100 strand=+ repeatMasking=none "
"420","GCAGTGGTGCAGTCTCGGCTCACTGCAGCTTCCGCCTCCCAGGTTCCAGCGATTCTCCTGCCTCAACCTCCCGAGTAGCTGGGACTACAGGTGCACGCCACCACGCCCATCTAATTTTTGTATTTTTAGTAGAGACAGAGTTTCACCATGTTGGCCAGAATGGTCTTGGTCTCTTGACCTGGCCCGCCTCAGCCTCCCAAA"
"421",">hg19_snp146_rs59698374 range=chr18:29086349-29086549 5'pad=100 3'pad=100 strand=+ repeatMasking=none "
"422","CAAAACTGTACATATAACTTTCTAAAGCCCTTGATTTTCACTCTTTTCAATTTTGCTGATCCACTTATTTGAGACCAATGAAACGCCTGCTTCCCACTTTAGACCTTGGAATTGCCTGTCGGTTAATTTCTGGTAGTTCCTGCAGTTTGCCTTACTGACAGGCCAGTGCCATCTAATGGTAAAAAAGGACAGTCTGAAGCT"
"423",">hg19_snp146_rs139759817 range=chr18:29087061-29087261 5'pad=100 3'pad=100 strand=+ repeatMasking=none "
"424","CGCAGTGTGTGACGTTCCCCTCCCTGTGTCCATGTGTTCTCGTTGTTCAACTCCCCACTTATAAGTGAGAACATGTGGTGTTTGGTTTTCTGTTCTTGTGTTAGTTTGCTGAGAATGATGGTTTCCAGCTTCATCCATGTCCCTGCAAAGGACATGAGCTCATCCTTTTTTATGGCTGCATAGTATTCCATGGTGTATATG"
"425",">hg19_snp146_rs8093731 range=chr18:29088858-29089058 5'pad=100 3'pad=100 strand=+ repeatMasking=none "
"426","CTTGTTAGATACAAATTCTTGGACCCCATCCAGACCTACTGAGTCAGACACTCTAAGGCGGGACTCAGTAATCTGTGTTTTATCAAGGTGATTCTAATGCCACTCAAGCTTGAAAACCACTGTTAACATCCCAATTAGAAAATAAAAATAACTGGAGTAGAAAAGAAGATTAAATATTAAAAAGCCCTATGTCAAGGGAAA"
"427",">hg19_snp146_rs116526442 range=chr18:29090931-29091131 5'pad=100 3'pad=100 strand=+ repeatMasking=none "
"428","AGGTGACTCAAACTTACAGAGTGGACAGGTTTTTTAAAAAGTGCCAGGGAGTGGGAATGGAGGACTAAGGCAGAGAGTTTCTGCTTGTTCCAGTCATGTTACTTGCAGTATACTACCCACTAGAGATGTACAGAATCTCCACAGTCCTCTGCAGCTTGTATTACTGTCCTGACCCTGGTTATTACAGTAGCTTCCAATCAG"
"429",">hg19_snp146_rs143169439 range=chr18:29122898-29123098 5'pad=100 3'pad=100 strand=+ repeatMasking=none "
"430","CCTTGGATCCAAATGAGACTTTGGGTTTTTTTTTTTTTTCTTTTTTCAGGGAATACTTATAGGCAATAAGGAAAGAGAAATGGGACCCACAGAATCAGTCGGTGTTAGCTAAATTATGCTGCAGTAACCATGATCTTAGTTCTCACACAGGCATATTTCTCACTTACAGTTATGTTTTTGCCAGTCAGTCAGCTCTGCTTT"
"431",">hg19_snp146_rs139544178 range=chr18:29143624-29143824 5'pad=100 3'pad=100 strand=+ repeatMasking=none "
"432","GCTGGCAGCAGGACTGGACTTTCTAAGTCCTGAACATAGAAAGATTTATAACACAGCCCTTGGCTGCAAGGAGCTTATGTTTTCATGGGGTAAAGTAGATGTTTAAAGAAATGATGGCAGCAGAGTGTTATTGTGTAAAGTTCTGACATTCTTTGTTTTTGAAACTTTGCATTTTGATATCTGTCCATTCGAGATTACCCT"
"433",">hg19_snp146_rs117748556 range=chr18:29166626-29166826 5'pad=100 3'pad=100 strand=+ repeatMasking=none "
"434","AAATAAAATATGGTCTAATTAATATATCCTAGATAATGTTTGCCTTTACTTGGATGGCTATTTACATGGACAAGGGAAGAAGGGAAGATAAGGGAAAAGGCTTTTTATGTGTTTATTCAACAATGGCGGAGGAGAGGCATGCCAGATAAGGCAGACACGGGCATTCCAAACACAAGAAAGGTATGTGCTGCAGAGAAGTCA"
"435",">hg19_snp146_rs140136831 range=chr18:29184403-29184603 5'pad=100 3'pad=100 strand=+ repeatMasking=none "
"436","ACACATACTCACACATTATTTGTTCTGTTTCTCTGGAGAACACTGACTTATACAGGTACTGTACTATCATCCACCCTTTGAAGGTCCCTTTGTATGGTAATAGGGAAGACTTGTAGGTTCTGGAGCAGGGGAACAACATGATGGAAGTTGAGTTTAAGAAAACATTTAATCACTGATCATCAGAGAAATGCAAATCAAAAC"
"437",">hg19_snp146_rs61730311 range=chr18:29049038-29049238 5'pad=100 3'pad=100 strand=+ repeatMasking=none "
"438","TTCTTTCTCTACAGCTACCTCGGCCCTCCTCAGAGCCCAGGAACAGATACCTCCTGGAGTATACCACATCTCCCTGGTACTTACAGACAGTCAGAACAATCGGTGTGAGATGCCACGCAGCTTGACACTGGAAGTCTGTCAGTGTGACAACAGGGGCATCTGTGGAACTTCTTACCCAACCACAAGCCCTGGGACCAGGTA"
"439",">hg19_snp146_rs190982 range=chr5:88223320-88223520 5'pad=100 3'pad=100 strand=+ repeatMasking=none "
"440","GGAAATAGCAACAAAAATTAAAAACTGCAGAAAACTTACTAATTTTTAAACTACTTTTAAGTGTAGTTTTCTATGTGCTCTTCACAAATTACTCAAAGATGAACCAGGACAGGAATTATTAAAGTCTTTTTAATAGATGGGGAAAATAAGACTCAGTAAAAAAGAGACTTAGCTAAAGTCACATAACCTAGTGGACCAAGT"
"441",">hg19_snp146_rs304132 range=chr5:88215494-88215694 5'pad=100 3'pad=100 strand=- repeatMasking=none "
"442","GAATTTGACAAAGATTCATTCTTGTTGCATTCTATTAAGAGTAAATATTATACATCCAGTAATCAGTGAACCATGTCCACCAAGTGATAAGAAGTTCTGGTTGTAGACTTTAACCCTAGGATAGGATTTAACACCATCTGTTCTGTATAACATTTGGAACTAACTTCATAATTATAATAAACATCTACATTAGAAATTCCT"
"443",">hg19_snp146_rs4723711 range=chr7:37844163-37844363 5'pad=100 3'pad=100 strand=+ repeatMasking=none "
"444","ATACCTCCCCATAAAATTAAGGACAAGAATTCAGCCACAAATAAAGACCCTGCACAAAGCATCAGCCCTCTGAAAACATCCAGAAACAAATTCAACTGACTGTACTCAAATTACACCACAGTTAAAGGCACATCAGCCCACACAGATGAGCAAAAACGCAGGGAACTCTAAAAGCCAGAGTGTTTTCTTATTCCCAAATGA"
"445",">hg19_snp146_rs2718058 range=chr7:37841434-37841634 5'pad=100 3'pad=100 strand=+ repeatMasking=none "
"446","TATGAAGAATTTTTTTTTTTGATTGACCTAGCTAGAATCTTACCTATTTTCTAGGTCTTTTCAGAGAACGAGCATTGGGTTTCATTGATTTTTTCCTGTTAATTTCCTATCTTCAACTGTGTTGATTTATGTTGTAATTTTCATTATTTCTTTTTTTCTGATTACCTTGAATTTAATTTGCTCTTCCTTTTCTAGTTTCCT"
"447",">hg19_snp146_rs2405442 range=chr7:99971213-99971413 5'pad=100 3'pad=100 strand=- repeatMasking=none "
"448","ACCTTTGTCTCGGGTTGGCCCCTCCTGTGGTTTGGGCAGAGCCCACATCTGGGTGGTCCTGGGTACTCACTAGGCTGCAGAAATGCTGGCGGCAGCAGCAAGGGCAGTAGGGGCAGCAGCAGGGGCCGACCCATGGCCTTGTTCTTCTCCAGGGGACGGGGAGACCAGCAGAGCCGTCCAGGCAGGAGAGGGGCCCTGTGG"
"449",">hg19_snp146_rs1859788 range=chr7:99971734-99971934 5'pad=100 3'pad=100 strand=- repeatMasking=none "
"450","CTGAGGAAGCCGCTCTTCTGACCCTCTGTCCAGTTCAGAAAGAGCCGGTTCACATAATCCTTGTGAATGGAAGGCGGCCTTGTGCTGTAGAAGGACTGCCTGTGGAAGTGGCCCCGTCTCCAGGATATTCTCACGTCGGGAGCTGTGGCTAACTCCCAGGGGTAATAGAAGGAGAAGGGGATTTCCACAGAGCCACCCATG"
"451",">hg19_snp146_rs2906657 range=chr7:99983989-99984189 5'pad=100 3'pad=100 strand=- repeatMasking=none "
"452","CAGTCTGGGCAACAGAGAGAGACCCTGTCTCAAAACCAAAATTTTTGTGTTTTGTTTTTTTTTTTGACATAGTGTCACTCTGTCAACAACAACAAAGTGCAGTGGTACAATCTCGGCTCACTGCAACCTCCAACTCCCTGCTTCAAGGGATTCTCGTGTCTCAGCCTCCCAAATAGTTGGGATTGCAGGTGCATGCCACCA"
"453",">hg19_snp146_rs34995835 range=chr7:99990264-99990464 5'pad=100 3'pad=100 strand=+ repeatMasking=none "
"454","ATATTCATACACAGATAAAGCAATGGAAGAAAAGAGGAAAACCTAGGTATAACAGAATGAAAAGAGACCCAAATATATGTGGGAATTTAGTTGGTTAAAATGTTTCTAATCAATGAGGAAAGATGAGTAATTCCATGAATGGTGCTGGAACTATTCAGTAGCCATCTGAGAAAAAATAACATTATCTCCTTACCTCATAAT"
"455",">hg19_snp146_rs1476679 range=chr7:100004346-100004546 5'pad=100 3'pad=100 strand=+ repeatMasking=none "
"456","GGAAGTTCTTTAGCATGTTGACTGGGATCCATGCACGAGAAACTGTTTCTCCAAAAAACGTCACATGGTACTTAGACTGAAATAAAAGATGATCCTGTTACGGACTCCTGTCCTGCTCCCTGCTTTTCTCCTCTAGCCAGAACAGATCGGGAGAATGGGAATTCACCCAGAAGGAGGTGCTGGGCCTCACATACTCCTTTC"
"457",">hg19_snp146_rs34919929 range=chr7:100012234-100012434 5'pad=100 3'pad=100 strand=+ repeatMasking=none "
"458","TCACTGTGTTGCCCAAGCTGGTCTCAAACTCCTGGTCTCAAGTGATCCTCCTGCCTTGGTATTTTTGAATTTTTGAACACACTAGTATATTGTATGATCTGTTTTATTTCTTGTCATAAAATTTACCATTATCAGGCTGGGCACGGTGGCTTACACCTGTAATCCCAACACTTTAGGAGGCCGAAGCGGGCAGATCACAAG"
"459",">hg19_snp146_rs60738304 range=chr7:100012479-100012679 5'pad=100 3'pad=100 strand=+ repeatMasking=none "
"460","CTCTACTAAAATTACAAAAATTAGCTGGGCGTGGTGGCGCATGCCTGTAGTCCGAGCTACTAGGGAGGTTGAGGCAGGAGAATCGCTTGAACCCGGGAGGAGAAGGTTGCAGTGAGTGGAGATCGCGCCACCGCACTCCAGCCTGGCGACAGAGCAAGACTCTATCTCAAAACGAAACAAAACAAAAAAACAAAAAACCCC"
"461",">hg19_snp146_rs6971558 range=chr7:100079757-100079957 5'pad=100 3'pad=100 strand=+ repeatMasking=none "
"462","CCGGCCTATACATATAAACTAATCATACTAAAGGTATAAATGTGAAATGGGTTTTAAGTGTTTTAATATTTCCCTCCCCTGGGAGCATTCTTAATAGCCTATAATATGTGGGACCTTTTACAATTTACAAGGCACTTTGGTATTATTTTACTACCCCTCCCCTTCCAAAGAATGGACTAAAGCCAGCTTGTCCAACCGCAC"
"463",">hg19_snp146_rs12539172 range=chr7:100091695-100091895 5'pad=100 3'pad=100 strand=+ repeatMasking=none "
"464","TGGGCTTAGGATGCCAACAGCGCTGCTGAGAAACGGAGGAGGAGGAGGGTTTGCTTGAGGTTGGGGCGAGAGTCGCTCTGGCTGTTCTTCCCGCTGGGCGTTGTACACCCCTCCTCCTGAACCAAGCCAGAGGTCAGCATGGGGAAGGGAGGAAGGAAGGGATGGGAGGAAGAGGGGGGTGGGTGAGCTGAAAGAGAGGGA"
"465",">hg19_snp146_rs7384878 range=chr7:99931949-99932149 5'pad=100 3'pad=100 strand=+ repeatMasking=none "
"466","ACACTACAGTGTATAAGCAGGTCTCTGTCTAAACTGCTCTCCTCTTGCTCCTCTGCCCAACCAATGTCTGCTCATCCAAAGAATGTATCCCGTGTGTTCACTAACTTAGCAAGTTCCAGTAAACAGTTTAATTGATCACTCGTTAAGAGAAGGCAGGAAACCTCCATGAAAAGAGAAATCAGTGGGTATTTCCTACAGCAT"
"467",">hg19_snp146_rs77650471 range=chr14:53364207-53364407 5'pad=100 3'pad=100 strand=+ repeatMasking=none "
"468","TTTCTTCAAATCAAAGTTAATTTGCATGTAAAAATTAACATGGGAGCAATTACTGCAAACCACACTGGACTTTCTTTTTTAAAAAGAATTTTTATATAAACATTGTCCATGTTTAAATAAGAAGTCCAAATAAATTATTTTAATAAGTATGTGGGTTTTGGTCAGGTTTTCTGTTGGTTATTTCAACGTTACTCTTAGAAA"
"469",">hg19_snp146_rs76673112 range=chr14:53366592-53366792 5'pad=100 3'pad=100 strand=+ repeatMasking=none "
"470","ATGTGTAAGAGTGGGGCTGGAGAAGAACATAAGTAAGTAAACAAGATTTATACCAAAATAAAACATACCCAGAGGACTGTGAGACATGAAAACTTTAAAATAGCCATACCAAAATACTATACTAATTTATGCTCAATTTTACATTTCAATAAGGATAAGCTAGCATTTATGAGGCACTACACAAAGCAATGCTCCAGAACC"
"471",">hg19_snp146_rs75192018 range=chr14:53367114-53367313 5'pad=100 3'pad=100 strand=+ repeatMasking=none "
"472","GGGAATTGAGAAACTGAGGTAAAGAAGGGTTCTCAGGGAAGATAAAGCGTTTCTGGTTAAAAAAGTATATTGAATACGTGCATTTATTTTCACTCCTTTCAAAATCACGTAAAAAATAAAGAAAACATAAACCTATAAGGGCCCCCAAAATGGAAGAAAATATGGGATAAGAAATCTCAGAAAAGTTTTGGGAAGCAGAA"
"473",">hg19_snp146_rs73304351 range=chr14:53375040-53375240 5'pad=100 3'pad=100 strand=+ repeatMasking=none "
"474","GTAGTTTTTATTGTTCTTGAGTAAATACCTATGTTCCCACAAAGACCTGTAAGTGAATGGTCATAGAAGCTTTTTTTTAAAATAATGAGCCCAGCCCTTCGACTGGTGAATGGATAAACAAATTATGGTATATCCATACAACAGAGTACTACTCAGTAATAAGATGGAGTTGATAACACACAACATGGATGAAGGTCAGAC"
"475",">hg19_snp146_rs2296495 range=chr14:53379778-53379978 5'pad=100 3'pad=100 strand=+ repeatMasking=none "
"476","AATATTACATATTAAATTGTTAAAAACAGCAACAACAAACGATTGCAAAAGTGTAAGAACACAACTGGGGATAAAAAGCACAAACTTGAAATATCACCCCGAGATAACCTCTGTCAACATTCTAGTGAAATACCTCTGAGTATATCTTTAGGTGGATATTTAAACATAAATGGGATAATGTAGACATGCTTACTACATAGT"
"477",">hg19_snp146_rs200530424 range=chr14:53380299-53380504 5'pad=100 3'pad=100 strand=+ repeatMasking=none "
"478","TGTAGGAGGGAGGTGGGCTTTGTCTCACATTTTGGAAATGTCATAAGATATGACATTTCCAAACACAGAGCCAGAAGTTCAATGCCATGCAGCCAAAAACAGTAGTAGTAGTAGTAGTAGTAGTAGTAGTAGTAATGAAAGACCAACCACCCACTACAGATATATTTAGGAAGGTGGAGCAGTGTTAGCGTAACAACCTGAAAATC"
"479",">hg19_snp146_rs140542729 range=chr14:53382745-53382945 5'pad=100 3'pad=100 strand=+ repeatMasking=none "
"480","ATGGAATACTATTTAGCACTAAAAAGAAATGAGCTGGCTGGGCTTGGTGGTTCACACCTGTAATCCCAGCACTTTGGGAGGCGGAGGTGGGTGGATCGCCTGAGGTCAGGAGTTCGAGACCAGCCTGGCCAACATGATGAAACCCCATCTATACTAAAAATACAAAAATTAGCCCGGTTTGGTGGCAGGTGCCTGTAATCC"
"481",">hg19_snp146_rs78623109 range=chr14:53382977-53383177 5'pad=100 3'pad=100 strand=+ repeatMasking=none "
"482","GCTTGAACCCGGGAAGTGGAGGTTGCAGTGAGCCAAAATCACGCCATTGCATTCCAGCCTGGGCAACAGAGCGAGACTCGTCTCAAAAAAAAAAGAAGAAGAAAAGAAAAAAAAAAGAAATAAGCTATCAAGCCACAAAAAAACATGGAGGAAACTTAAATGCCTATTACGAGGTGAAAGAAACCAATATGAAAAGGCTAC"
"483",">hg19_snp146_rs74825460 range=chr14:53389915-53390115 5'pad=100 3'pad=100 strand=+ repeatMasking=none "
"484","GTGGGGGTTGGGGGGGGAATCCAAAGAACAGTATTTTACATAATTTTATATAAAGTTCAAATTTCAATGCCCATAAACAGTTTTATGAAACACAGCCACACTACTCTGTTCACACATTGTCTATGTCTACTTCTGCACCACAACATTAGACACAGACTGCATGGCGGCCCACAAAGCCCAAAAGCCCAAAATACCTACTAT"
"485",">hg19_snp146_rs17125924 range=chr14:53391580-53391780 5'pad=100 3'pad=100 strand=+ repeatMasking=none "
"486","AAAGTGGCTGAAATGATTTCGTATTTCAGATCATTTATAATTATTTATAATTATCATTCACTAATTTGCCCTTCAGCAGAGTATCACTTCAAAACTTCCTAAAGACCCGACTGAGCCCCCTCAAACAGGCAAAGCAATGTTTTCCCAACTTCCAGAAAATTAGCTCTTTCTTTGGTGCTGGCTTTATATCACACTACCTAT"
"487",">hg19_snp146_rs17125944 range=chr14:53400529-53400729 5'pad=100 3'pad=100 strand=+ repeatMasking=none "
"488","AAATCTGTGCCCCACATTGCCTTTTTCTAGTAGCTCTTACCACACCCAGATGCAGCTTTTGTTCTGGCCTAGTTTGTGGAACAAGCTGGTGTTTCAGATCTCCTTGATAGGCACCTTTTCCTTTCCCCCTTTATCAAACTGGCAAAATCATGCACCAGTACCAGCTCAAATATTACCACCTCTGAATCTTCACTGACCCAC"
"489",">hg19_snp146_rs149210267 range=chr14:53414045-53414245 5'pad=100 3'pad=100 strand=+ repeatMasking=none "
"490","TAATTAGCCAGGCATGGTGGCGGGTGTCTGTAGTCCCAGCTACTCGGGAGGCTGAGGCAGGAGAATGGCGTGAACCCAGGAGGCGGAGCTTGCAGTGAGCCGGGATCGCGCTACTGCACTCCAGTCTGGGCGACAGAGTGAGACTCCCGTCTCAAAAAGTAAAAAATAAATAAATAAATAAATAAATGAGACTTTTCAGAT"
"491",">hg19_snp146_rs77625717 range=chr14:53336444-53336644 5'pad=100 3'pad=100 strand=+ repeatMasking=none "
"492","CTTAAATAAAAAAGTTAACTGTAAAACAGCCTCAGACAGGTCTTCAGGGGTATTCCAGAAGAAGGCATTGTTACCAGAGGAAATGACAGCTCCATGCTTGTTACTCCCCCTGAAGACCTTCCAGTGAGACAGGATGCAGAGGTGAAGGACAGTGATATTGATGATCCCAATCTCGTGGAGGCCTAGGCTAATGTGTGTGCC"
"493",">hg19_snp146_rs6064392 range=chr20:54984668-54984868 5'pad=100 3'pad=100 strand=+ repeatMasking=none "
"494","AGACTCACTTGTCTCAGAAAAGAAAATTCGGTCCAAACTACTGTTCTTGATAGCACATTTGCCAAGAGCATTAAGATTACCTCACTAGAGTCCTTCTGACGTAGTTCCCTTGAACTCCAGCTGTTTCAGCCTTCAGACAACCGGATATTATGCAAGCACCCAGTTTCCTAGACTAATAGTTCTTGCAATGTTTGTCCACAT"
"495",">hg19_snp146_rs17462136 range=chr20:54987116-54987316 5'pad=100 3'pad=100 strand=+ repeatMasking=none "
"496","TGTGTGTTCATACACTGAGCTCTTCGAAGTAGGAACTTCGCCCTATAAAGCAGAAGAGTGGTGTTTTTTTCTTCTTCTTCTTCTTTTGTGGTTTCACATAGCAAATGAGTGACAGTCTCTACTTACAGACAAAGTGAGACGTCAGGCATTGAGACGTGAGTGTGGCTTGTATTTCTGGTCCTCCCCTGCTTCACTGCTTTC"
"497",">hg19_snp146_rs73156368 range=chr20:54987972-54988172 5'pad=100 3'pad=100 strand=+ repeatMasking=none "
"498","TCCCGTGCTGAGCCCACAGTGGGCACTTACATGTTATTTTCATGTTAACTTGTGCATTATGTGAGCAAAGCTGGAGCTTTCAGACAGACTTCATGCCTGTCATGAATCAAAAAAGATTCACTATTTAGAAAGGTGAAAGAAGCCAGGCACGGTGGTACATACCTGTACTCCAGCTACCGGAGAGGCTGAGGTGAGAAGATT"
"499",">hg19_snp146_rs6014722 range=chr20:54989733-54989933 5'pad=100 3'pad=100 strand=+ repeatMasking=none "
"500","GCGGTGGCTCATGCCTGTAATCCCACCACTTTCAGAGGCTGAAGCGTGTGGATCACCTGAGGTCAGGGGATTAGCCTGGCCAAAATGGTGAAACCCCATCTCTAGTAAAAATACAAAAAAATTAGCTGGGCATAGTGGTGCACGTCTGTATTCCCAGCTACTCGGGAGGCTGAGGCAGGAGAATTGCTTTATATATATATA"
"501",">hg19_snp146_rs6069737 range=chr20:54995599-54995799 5'pad=100 3'pad=100 strand=+ repeatMasking=none "
"502","CATGCCCATCTAATTTTTTTTTTTTTTTTTGTAGAGATGAGGGGCTCTCCCTATATTGCCCAGGCTTGTCTCGAACTCCTGACCTCAAGCAGTCCTCCTGCCTCAGCCTCCTAAAGCACTGAGATTACAGGAGTGAGCCACCACACCCGGCCCAGGTTCAAAAGTGAGAGTCTCCCCACGGTTGAAAGGGGAATAGAAGCA"
"503",">hg19_snp146_rs6024870 range=chr20:54997468-54997668 5'pad=100 3'pad=100 strand=+ repeatMasking=none "
"504","ACATACAGTAGGTGCTTGATAAATAATTGCCAATTCAATGAAGCCTTAAGTGCAGCTTAGCAAGGTTTCCATGAGTAGAGGAAGTATATTAAAGCATGTCGATCTGGGTAACACCCAAACCTGCTGGAAAAGCACAGTATTCAGGTATCAGGGAAGCAAATGTTTCATTTCCACTGGGTGGCTTTGGAATTTTTTTCTGGC"
"505",">hg19_snp146_rs6014724 range=chr20:54998444-54998644 5'pad=100 3'pad=100 strand=+ repeatMasking=none "
"506","GGTAATGATGGTTTCCAAATGACTGTCACACCATGGGAAACAATTGAAAGTTGCATCAGGTTTTGAAACCAAAAAGGGAGACCTTATATTTTTGTTTAGAAAGTTATATTCTATTCTATTAAGTTTTGTTTTAAAGCTTAAACATTACTTTATTTTATTTATTTATTTATTTATTGAGATGGAGTGTTGCTCTGTTGCCCA"
"507",">hg19_snp146_rs718022 range=chr20:55003365-55003565 5'pad=100 3'pad=100 strand=+ repeatMasking=none "
"508","GTAGAGACAGCCTCAAACTGTGGGGCAGCTTAGACATAGTCTTGACAACTCAACAGGGGCTTTGGGGTAAAGATTGCCCATTCAGTGAGTCCTGCATTGGGCAGGAACACCCAGGCCCCCTGACTATTAACGTTGAGTTTGCAAAGGAAATCTGGATGGGGTCTCTAAGACCTCAGCTGCGGGCTGGACTCAGCAGCAGAA"
"509",">hg19_snp146_rs56012565 range=chr20:55005124-55005324 5'pad=100 3'pad=100 strand=+ repeatMasking=none "
"510","ACACGTGATGCTCAATACAATCTTGGTGAATGAATGAATGAATGAATTGCTCCCCAGATTTCTCCAAGTGCAGCTAAGACCACTGTATCCTTGGCTGCTCGGGTTTAGATGAGCACATTGCACCTGCCAGCTGTGGAAAGGTCTCTGCACTGAGGTTATCATCAGCATGAAGGCAGTGAGTCTCTTATTCTTCACGTTTGT"
"511",">hg19_snp146_rs79181856 range=chr20:55007854-55008054 5'pad=100 3'pad=100 strand=+ repeatMasking=none "
"512","GGATAATGATTCCGTGTGCAGACTAGTTACGCCTTGAGGTTTATCTTCTGGACATGGCTGGTGGTCATTCTTACCGAAGGTCATCCAAAAGTGTGGGCAGGGGCGTCACAGAAATCTTCCCTCTTACCCTACTCCAGACAGAAATAGGAGCGCTCATCCTGGTGTTTGTGATTTCTTACCTCTTAAAGACTTGAAAATGGG"
"513",">hg19_snp146_rs6099146 range=chr20:55009754-55009954 5'pad=100 3'pad=100 strand=+ repeatMasking=none "
"514","CCTACCAAAGTGCTGGGATTACAGACATGAGCCACTGTGCCCGGTCCCACAATTTATTTTTAAGTGGGAAAAAAAAGCAGATTATAAAATTGTGTGTTTCATATTATGCCATTAGATTTTAAAACTTTAATGATGACTCTAGGTGTGTATGTGAACAACTATGCAAAAGAAAAGATCTGGAAACACAAAAACCGAAGGATT"
"515",">hg19_snp146_rs76842328 range=chr20:55012892-55013092 5'pad=100 3'pad=100 strand=+ repeatMasking=none "
"516","GGGAAATGGAATGCTTAGCTGAGCTGTGTGGGAAGGCACTGAGGATGTTCGTGGCACCCTTTTCACAGGATGAAGGATCACCAGGACTGCCAGTGACAAATGGGAGGGTGGGGTTTCCATGGGTTCAGAGGCAAGAAGTTACACATCGCATTTAAAATGTATATTCCAGGCTGGGCATGGTGGCTTACACCTATCTATATT"
"517",">hg19_snp146_rs927174 range=chr20:55015066-55015266 5'pad=100 3'pad=100 strand=+ repeatMasking=none "
"518","ACACCAGCTTCCAAGGTTGTCTTCAAACAGGAAAGTGTTGATTCCTTAGAAGATTTTGAATACTTTACATTTTCTAACTCCCTGGGCTACAAGACATAGAACCAGACAGTTGTTACATAGAACAGCTGCCAGCACAGGCACTCGCTACAAACACCAGGAGGAAGCTGGTGGCGCCTTCTGAAGCAGTCAATGAGGTGGACA"
"519",">hg19_snp146_rs7274581 range=chr20:55018160-55018360 5'pad=100 3'pad=100 strand=+ repeatMasking=none "
"520","ACTGGCGGTACAGCCAGTGGTCCGGGACACTCACTCAAGGTCCCTGGGTGTGGCGGGTGCATAGCTTGTCAGACCGGGTAAGCAGCTTGGATTTCTGGCCTGGCGCGGTGGCTCACGCCTGTAATCCTTCCACTTTGGGAGGCTGAGGCAGGTGGATCACTTGAGGTCAGGAGTTCAAAACCAGCCTGGCCAACGTGGTAC"
"521",">hg19_snp146_rs113902203 range=chr20:55018369-55018569 5'pad=100 3'pad=100 strand=+ repeatMasking=none "
"522","CAAAAAAGTAGCGGGGTGTGGTGGCGGGCACCTGTAATCCCAGCTACTCGGGAGGCTGAGGCAGGAGAATCGCTTGAACCCGGGAGGTGGAGGTTGCAGTAAGCCGAAATGGCACCACTGCACTCTAGCCTGGGTGACAGAGCGAGACTCCGTCTCCAAAAAAAAAAAGAAGCTTGGATTTCATTCAAAATGCAATGGGAA"
"523",">hg19_snp146_rs16979933 range=chr20:55020457-55020657 5'pad=100 3'pad=100 strand=+ repeatMasking=none "
"524","GACCTTGTTGGTCCCTCCACCTTACATTCTTAAAGTCCCCTCTGCCTATTGCGTGCACTTCTCCAGCCTCAGCCTAGCTAGATGAATGTAGACGAATAGCTCAGTATCAGAGTCACAGCCTCCTGGTCCCTAGAGAACATCGGAATCACCTGGCAAGCTTGTTAACACTGCAGGTTCCCGGCCCCCCTCGACACCCAGAGA"
"525",">hg19_snp146_rs6069749 range=chr20:55021475-55021675 5'pad=100 3'pad=100 strand=+ repeatMasking=none "
"526","TATGTGTGTACATACACACACATTTTTTTAAATGATATTTTGAAGGATATGCACCACAGTCTTAACACGGATTATCACTGATTATCTTAACATTGATTATCTCTGGGGGAAGAAATTTTAGTTGTTTTTTTTTAACTTGTTTGTATATAAGTGGAATATCACATTTGTAAGACATGCTTCATGTGATCAAAAAATAGCTTT"
"527",">hg19_snp146_rs6024861 range=chr20:54984040-54984240 5'pad=100 3'pad=100 strand=+ repeatMasking=none "
"528","AGCCCTCCCAGTATTATCCCTGCAGCAGAATATTTGGTGAATTTGTGGGCAATTCATGAAATTCTTTTTTTTCTTTTTTCTTTAAGACAGTCTCACTCTCGCCCAGGCTGGAGTGCAGCGGTGCGATCTCCACTCTACTGCAGCCTCCACCTCCCGGGTTCAAATGATTCTTGTGCCTCAGCCTCCCAAGTAGCTGGGATT"
