"X7"
"TTTTG"
"AGCGC"
"CTGAG"
"TTGAC"
"TTACC"
"CTGTA"
"TTTGT"
"ACCGG"
"GCGGG"
"ACCCA"
"CAATT"
"CTCCC"
"CCCCC"
"CGATT"
"GGTCA"
"CTTGC"
"ACCGC"
"GGCTT"
"ACATT"
"CGCTA"
"GAGAA"
"GCACA"
"CATTG"
"ACTGA"
"TAATC"
"GGGAA"
"GAGAA"
"TCCAA"
"ACTCC"
"AACAG"
"ACCTA"
"CCCTT"
"GGCGG"
"ATTCC"
"GAACT"
"AGGTG"
"CGCCT"
"TCCTC"
"TGGCT"
"CCATA"
"AGATT"
"TCGTA"
"CCGTG"
"TAGAG"
"CTGAA"
"TGCTT"
"ACGAA"
"AACGG"
"CTGGA"
"TAGTC"
"TCTTC"
"GCATC"
"GGGGA"
"GGGGT"
"TAAAA"
"CCAAC"
"TCGTT"
"GCGGA"
"CTTCT"
"ACATG"
"CCAAC"
"GCGAA"
"TCAGT"
"CAAAT"
"GATCT"
"GTTTC"
"CCCCT"
"TGTCT"
"GAAGA"
"TCGCA"
"GCTGA"
"ACGAT"
"TTGTG"
"AGTAT"
"CCGGC"
"TTCTG"
"GGGAC"
"ACCAA"
"ACCCG"
"AGGTG"
"GTGTA"
"CACTT"
"TGCAG"
"TATGT"
"TGCAG"
"AAATT"
"AGCTG"
"CTCTT"
"CCAGT"
"ACGCA"
"CCCAA"
"GGCAA"
"CACCT"
"GCGGG"
"AGGAT"
"CCGGC"
"AGTAG"
"TCTTC"
"GCGGA"
"CTGTG"
"GACGG"
"CAGCT"
"CCATA"
"ACATT"
"TCGAG"
"GGCTT"
"CAATA"
"GTTTT"
"ATGTC"
"CATAT"
"GGGTG"
"AAGTG"
"TTTTT"
"GAGCT"
"GCCCA"
"GCGCA"
"CCCCA"
"TACAG"
"GGCGC"
"AGTTC"
"ACACT"
"GATGG"
"TGTGT"
"TCGTA"
"AACCA"
"GAGTG"
"CCCGG"
"CCACA"
"GATAA"
"ACCGG"
"CCCTA"
"TCTCT"
"AACCA"
"TATAG"
"CCTCT"
"CATCC"
"CTGTA"
"AACAA"
"CCAAA"
"TACGA"
"ATTAG"
"GGGTT"
"ACCGA"
"GACGC"
"GCTCC"
"CACTT"
"TATTG"
"TTCGA"
"TCCGC"
"AAAAA"
"CGCGT"
"CTTGA"
"TCTTT"
"TTTAC"
"GAGCC"
"CCCAG"
"CCCTC"
"ACCTC"
"GGGAG"
"GTTAG"
"CCATT"
"ACCTG"
"GAAGA"
"CCGGG"
"TCGTG"
"AGATT"
"TGGTA"
"TCTGT"
"CAGGT"
"GCAGT"
"AAGCT"
"CTGAC"
"CCGTG"
"GCGAA"
"GCAGG"
"CTGAA"
"GCGTA"
"CATGT"
"GGGGC"
"CAGTT"
"CCGGC"
"GCAGT"
"GTTTC"
"AGTTT"
"AGTGT"
"CAGCA"
"GTATG"
"GCGAT"
"CCGTG"
"CATCC"
"GTGTT"
"GTGCT"
"AAAAA"
"ATCTG"
"GCGCG"
"CTAAG"
"ATCAC"
"ACCGT"
"CTCTT"
"TTTCT"
"TGCGC"
"CTAAA"
"ATCTC"
"TCTTG"
"CTACA"
"TACAC"
"GCCGG"
"TACTC"
"ACGTG"
"CCGGA"
"CACTG"
"TACCA"
"CCCGT"
"GGGCC"
"GTACT"
"AGGGT"
"GCAAC"
"TATGG"
"TTAAA"
"AAGAA"
"GCGCG"
"TGGTC"
"AACCT"
"GGCCT"
"CGGGA"
"AGACA"
"GGCGA"
"ATTTG"
"ATGGG"
"GACGG"
"CTAGT"
"GTCAA"
"TTTGT"
"ACCGC"
"TTCGG"
"TTTCT"
"TCCCA"
"GCCGG"
"GGTTC"
"GGAAA"
"GTAAC"
"AACAC"
"CCTTG"
"TGTGG"
"AGCCG"
"TGGTG"
"CCCGA"
"TAACT"
"ATCGC"
"GTCAT"
"GCCGA"
"TCGGA"
"TGGCT"
"GGCAG"
"GGCGC"
"ACAGG"
"TGTAG"
"ACATG"
"AGCGT"
"ACCCA"
"CAAAG"
"TGTCC"
"CATAA"
"ACAAA"
"CTCGA"
"TACAT"
"CAGTG"
"CACCT"
"CACGC"
"GGAAA"
"AAGGG"
"TAGTC"
"AATTA"
"TGGGC"
"AGACA"
"TTCCT"
"CGCTT"
"CAATG"
"TTCGA"
"TAGTG"
"CAGTA"
"GCGGC"
"AGGTC"
"TCATG"
"GCGTA"
"ATGAC"
"GACAA"
"CCTGA"
"CTTTC"
"AAGAT"
"TGCTG"
"TGGCG"
"TAGCT"
"CCTTT"
"ACGTA"
"GAGCC"
"GTCTC"
"GTGCG"
"GGTTG"
"GTCTC"
"TCCGT"
"ACCGA"
"TTTTG"
"GAAGC"
"TTCTC"
"CTCCT"
"ACCTT"
"GGTTC"
"AAGAT"
"TGGGG"
"GGCGC"
"GGTAG"
"CCGAG"
"GGCAG"
"AAGGG"
"CAACA"
"CAGCC"
"ATTAG"
"AGCGA"
"CAGGC"
"GATGG"
"AACGA"
"GAAAT"
"CCCCT"
"GCTAA"
"CAGGT"
"TTATT"
"CCACC"
"CTTGG"
"CCCTT"
"GGGCC"
"TTGGA"
"GAGGT"
"TGCGT"
"AGGGA"
"CCACA"
"AATTA"
"ACATT"
"TCATG"
"CCGAG"
"CAATT"
"CCGCC"
"GTAAG"
"GTTTT"
"ACCTA"
"GCTCA"
"AATAG"
"ACTGC"
"AGGGT"
"TCGGC"
"AAAAA"
"GATGG"
"ACACC"
"CACGA"
"ACTGC"
"CCGGG"
"TCCTC"
"TATTT"
"ATGGT"
"CAGCC"
"GCAGT"
"CCTAA"
"GCATC"
"GCACC"
"GGAGA"
"GCGAA"
"TTGAG"
"ACGGT"
"CCGAT"
"TGTTC"
"ATTAC"
"CCACC"
"CATTG"
"AGTTG"
"GAGGG"
"TGGGA"
"CGTGC"
"CAGCA"
"AGCCA"
"GCAGC"
"AAAGA"
"TGGCA"
"AGCAG"
"CTCCT"
"AACAG"
"AAAAA"
"TTTTT"
"CTGTC"
"CTGTC"
"CAGGC"
"TCTGA"
"AGGTG"
"AACCT"
"GCGAC"
"CAGTC"
"TCTGG"
"GCTCT"
"TTCCC"
"GCGCT"
"CTCAC"
"ACCGC"
"GGGTA"
"GAGGT"
"ATAAA"
"AGCGC"
"ATTCC"
"ATATA"
"ACCTC"
"AGCTC"
"GCCGA"
"GAAAG"
"GCGAG"
"ACGCA"
"CTGTC"
"CTCTA"
"TGTAA"
"AGAGA"
"CCCCT"
"TCTTT"
"AGGCT"
"AGCTG"
"CCCGC"
"CCCGC"
"GCTGC"
"TTACC"
"CCGGG"
"TGTAA"
"AAGAG"
"ATCAA"
"GGCAA"
"GACAC"
"CCAGC"
"ACCGT"
"CTGCT"
"ACTAG"
"GGATG"
"TTCGC"
"TGTCG"
"GCACA"
"GGGAT"
"GGCGC"
"TGTTC"
"TATAT"
"CTCCC"
"AATTC"
"CAATG"
"CCAAA"
"CAAAG"
"GAATA"
"ACTTC"
"CCGCC"
"CCGCT"
"ATCCA"
"CACAG"
"CCCGG"
"ATATC"
"AGGGA"
"CTAGG"
"CCAGT"
"AGGCA"
"CCTTG"
"AGGTG"
"AACCA"
"CCGCC"
"TCTGG"
"TTTCT"
"CTCAA"
"CAATA"
"CACCC"
"AACTG"
"TGGTT"
"AGCTG"
"ACTCT"
"AGTCT"
"GGTCG"
"TTCAG"
"GCCTT"
"CAAAT"
"TTTGA"
"TCACC"
"AACGT"
"GCGCG"
"AGTAA"
"GCCTT"
"TAGCT"
"GCGGG"
"GAGTA"
"TAGCA"
"ATCTT"
"GGTGG"
"GTCTA"
"TGCAA"
"AACTT"
"TCGGT"
"CATCT"
"AACGA"
"CCGGG"
"ACGTA"
"AAATA"
"AGGAA"
"GGTTG"
"GAGGT"
"AAGGT"
"GCGTG"
"GACGT"
"TATGT"
"GGACC"
"ACTAG"
"TTCGG"
"CCGCT"
"CCACT"
"AACCT"
"TACAA"
"TCATG"
"AAGGT"
"GGGGC"
"GACGA"
"TCCTA"
"AATGT"
"CTGGG"
"TTCGC"
"TGTAT"
"TACCT"
"GGGGG"
"GGGCT"
"ACGAT"
"TCCGC"
"TTAAT"
"GGGCT"
"AGACC"
"TGCTT"
"TTTAA"
"GCCTC"
"TATTG"
"TACTG"
"GGGAC"
"AACGT"
"AGCTG"
"GCGGG"
"CACGC"
"CGTGT"
"AAAAA"
"GTGTG"
"AACTC"
"AGGCA"
"TTCCT"
"ACGCC"
"GACAA"
"AAGCC"
"TTCCT"
"AAGAC"
"CTTGA"
"TCGCC"
"GCGCG"
"TAGTA"
"CCGTA"
"CCAGG"
"CCTTT"
"CCTCA"
"CTTGG"
"ATAAC"
"GCACG"
"AAAAC"
"CATGG"
"CAATC"
"AGCTG"
"CTTGA"
"GATGA"
"GAGGC"
"AGGGG"
"AACGA"
"ATATA"
"GATGG"
"GCCGG"
"GCGAG"
"CTCCC"
"CCGGA"
"TACAG"
"ATGAG"
"GCTGG"
"CCGCG"
"CACGT"
"GCAGA"
"ATGGT"
"CCCCA"
"GGTGT"
"TATTG"
"GGGCA"
"ACTTC"
"AATCA"
"ACCGT"
"CGAGG"
"TCCAC"
"ATGAT"
"GAATA"
"AATTT"
"GATAG"
"TCAAG"
"AGCCC"
"ATTTT"
"GATGG"
"GCGCC"
"AGTGT"
"TTAGG"
"TCATC"
"CAGTG"
"AGACT"
"AAGCA"
"CCCCC"
"AGAGG"
"ACACA"
"AGGAA"
"CCACC"
"ACCCA"
"CCGGG"
"CATGA"
"CATGG"
"TATGC"
"ACTCA"
"CCCAG"
"ATAAT"
"CTAAG"
"GAAGT"
"GTGAG"
"AGCAA"
"CTCAT"
"ATAGA"
"ACCGA"
"GCCGT"
"ACGTG"
"CTTTA"
"CCAGG"
"AGCGC"
"TCATT"
"TCGGT"
"GTGCT"
"AGCCT"
"CGTGG"
"TCGCA"
"AGTAG"
"CATCA"
"ATGTC"
"CTATA"
"TATTA"
"CTCCC"
"GATGA"
"ATGTG"
"TTCAG"
"TTTGT"
"CCTGC"
"AAGAA"
"AAGTT"
"GAGTA"
"TGCTG"
"TGCTC"
"ATTGA"
"ACCAT"
"CCGAC"
"CCCTC"
"AGAAT"
"GTTGT"
"CCCAC"
"AAATA"
"TATAT"
"TATAT"
"TCCAA"
"TCGGT"
"GACGA"
"GAAAA"
"CATAG"
"AACGG"
"AGCCT"
"AGCTT"
"TTCTA"
"AGGCA"
"GCCTG"
"GCTGG"
"TAGCA"
"TACAC"
"GCGTG"
"CCTTC"
"GCACC"
"TGGGA"
"TCTGT"
"CCGCC"
"TGTGT"
"AAATT"
"ACGCG"
"ATACT"
"CGCGG"
"ACAAA"
"CACCA"
"GGGAT"
"CTCGC"
"CCCTG"
"AGGGC"
"TTTAA"
"CTAAA"
"ACACA"
"ATGCT"
"CTCCC"
"TATTG"
"ACTGC"
"CAGGC"
"GAGAG"
"ACATG"
"ATGGT"
"CAACG"
"TTCAT"
"TCCCT"
"AAACT"
"CAATC"
"CCCTC"
"AGAGC"
"TCTAG"
"CATGC"
"TCTCT"
"AGGGT"
"CAAGA"
"AGCCC"
"CCGGA"
"TCTCT"
"GGCGA"
"CTCGC"
"CTTGA"
"TCGTG"
"CCTGG"
"CTGTT"
"CAACC"
"AGTGA"
"CCTCT"
"ACGCC"
"CAGCC"
"TAGCC"
"TGGGA"
"CACGC"
"AGGAG"
"TACGT"
"TAAAA"
"CCCCC"
"AGGGC"
"AGATG"
"GAGGT"
"GGATT"
"ATTTG"
"GTCGA"
"TACGG"
"CACGG"
"GGCGT"
"CAATT"
"AGGGG"
"CCACT"
"AGGAC"
"TGCTC"
"TTCTA"
"ACTGT"
"AGTTC"
"ACTTA"
"GATGA"
"CCGGG"
"GAGCT"
"ATTCT"
"TGCCC"
"GTAGT"
"ATCAG"
"ACCAT"
"GAGCC"
"AATTG"
"CGGGC"
"TTCAC"
"TGCAG"
"CACCC"
"ACACC"
"CCCTG"
"GCGAG"
"TCGAG"
"CTGCT"
"CCGCT"
"TTTTC"
"AGACA"
"ATGTT"
"GAGCC"
"AACAG"
"GCGGT"
"ATGTA"
"CCAGC"
"ATCGC"
"AAGAC"
"GGCCC"
"AAAGG"
"TCCGC"
"TGTGG"
"AGGCC"
"TCCCA"
"ACATG"
"TGCGT"
"GAAGA"
"AAGGG"
"CCGCA"
"AACAG"
"CTATG"
"GTCCA"
"ATTAG"
"ACGGG"
"CCGCG"
"AGAAC"
"CAGGA"
"GCCGA"
"GCGTG"
"AACTC"
"AGACG"
"TTTAT"
"ACCCA"
"GAATT"
"GCGCT"
"GGGGG"
"GGGTT"
"GACGG"
"CCGGG"
"TCAAG"
"GGAGT"
"TCAAA"
"TAAGT"
"TCCGG"
"TGCAG"
"CCGTG"
"GCTCT"
"CCGTG"
"ACTCA"
"CTGGA"
"ACGTA"
"CTATA"
"ATTGC"
"TGGTG"
"TCCTT"
"TTGGT"
"TCGGG"
"AAAAT"
"AAATG"
"CCGGG"
"TCCGC"
"GACGG"
"TACAA"
"GTTCT"
"CACAG"
"TTTCC"
"CATTT"
"AGCGT"
"AGGGA"
"GCGTT"
"CACTC"
"TATAC"
"ACATT"
"AAATT"
"AGTGG"
"CCCCT"
"GTCCC"
"CCACG"
"TCAGC"
"GGTCA"
"ATAGG"
"AGGAT"
"AGTCT"
"GCGGC"
"CAGGG"
"GCTTG"
"ACGCA"
"TGCTA"
"GGCAT"
"GCAAG"
"CCCGC"
"CAATG"
"TTCGG"
"GATGT"
"TAGAG"
"ACTAG"
"TCGTC"
"CCGTC"
"ATTGG"
"CCCGT"
"CCCAG"
"AGAGT"
"CTGAG"
"GGTTG"
"TCCCT"
"CCTGT"
"TCATC"
"GAGAG"
"GGCGG"
"ACGCG"
"GGCGT"
"CAGAG"
"GCGCA"
"TATCC"
"ATAAC"
"CTATA"
"GACTA"
"TACAA"
"AAGAT"
"GTCTC"
"ACGTG"
"TGCTC"
"ACTAT"
"TGTAA"
"CATGT"
"TTGAG"
"TCATT"
"CACGG"
"CCGGT"
"GATGA"
"GAGTG"
"AGGGA"
"CCTCA"
"TTGGG"
"CACCT"
"TCGTA"
"CCCGA"
"TCACT"
"CCCTG"
"GCCTC"
"CCGTC"
"ACTTT"
"GTACC"
"CTTCC"
"TCTGC"
"CCACC"
"ATCTG"
"CTGCC"
"CCCAG"
"GCAGT"
"TTCTT"
"AAGCC"
"ACGCA"
"ATGGT"
"ATTGT"
"GGAGT"
"CTACC"
"TCGAC"
"TCACA"
"TCCGC"
"CCGAG"
"TGGAT"
"TGAGC"
"TACGA"
"ACGCA"
"AAATC"
"CCAAG"
"TTTAG"
"TTTAG"
"TCGTT"
"GCAGG"
"GCAAA"
"CCAGA"
"ATGAC"
"CCTGT"
"ACGAC"
"CCACG"
"TTCGG"
"GAGGT"
"AGGGT"
"GCCAG"
"ACTTC"
"ACGCA"
"GGGTC"
"GATAC"
"CCACG"
"GAAAA"
"ACGCC"
"CCTTG"
"TCGGT"
"ATGTG"
"AATGC"
"TGTAC"
"GTATT"
"AGGGC"
"CTGTC"
"AAGTA"
"AATTT"
"TACTC"
"ACAGC"
"TGCAC"
"AAGCC"
"TTCGA"
"ACTCA"
"GAGTG"
"AACAA"
"CAAAA"
"TTCCA"
"TTAGA"
"CTCAT"
"ATTTA"
"TTCAA"
"CTGTG"
"TACAG"
"ATAGA"
"CCGGT"
"AGGTG"
"GCGGG"
"CCTGG"
"GACGC"
"CTCGA"
"AACGT"
"GGATG"
"TCATG"
"AAACA"
"GGTTT"
"ATAAA"
"CCAGC"
"TAGAT"
"ACAAG"
"CATGG"
"ACGCG"
"CTGGC"
"CCGAG"
"CACTG"
"GCCTG"
"ATACC"
"TTTAA"
"CACCC"
"ATGAG"
"GCTGG"
"AACAA"
"TCTTG"
"TTTTT"
"GCATA"
"AATAT"
"TCATT"
"GAATG"
"CTAGA"
"CCCGG"
"CTCTT"
"CGCCT"
"CCCGC"
"CCGTT"
"CGCAG"
"CCGAG"
"CAGTA"
"TATCT"
"AAGCT"
"TGTAG"
"ATCTA"
"TTTAT"
"GACGG"
"TTTAT"
"ATGAG"
"TGACC"
"GGAAA"
"TCCTT"
"ACAAA"
"ATAAA"
"CTAGG"
"TGATT"
"CACGG"
"CTGGA"
"TTGGA"
"CCGTC"
"CTCCC"
"GTGAT"
"CCCGG"
"CCGGG"
"CAGGG"
"AGTGT"
"AAAGA"
"GAACT"
"ATCGC"
"TGCTT"
"GCTTC"
"TTTTA"
"GGGTA"
"ACCTG"
"TGGTT"
"TCCGA"
"GAAGT"
"ACTGC"
"CCTTT"
"AGCCG"
"TAATC"
"AGATA"
"AGGCT"
"TATCA"
"CCCTG"
"CCCTT"
"AACGA"
"TTCTT"
"CTAAA"
"ATCGT"
"GTCTG"
"GTCCA"
"GCCGT"
"TGCGT"
"CCATT"
"ATCAA"
"AAGCC"
"CACAG"
"GCCTC"
"TGGGC"
"CAACT"
"AAGAA"
"GGGAA"
"CACGT"
"GTTTG"
"GCGTC"
"ATGGT"
"CTACT"
"AATTT"
"CCGAA"
"TGCAC"
"CCGAA"
"ATGAC"
"AACGT"
"TAAAC"
"ATCTC"
"GCGGC"
"TTCCC"
"CACGG"
"AAATA"
"GTGTT"
"GGCCT"
"GTAAA"
"CGGGC"
"TTAAA"
"TTAGG"
"TGGAG"
"GTGTC"
"AGTGC"
"AATCA"
"GGGAA"
"TCGCT"
"TACGT"
"TTTGT"
"CTCTG"
"TCCGT"
"CTTAT"
"GCGGG"
"GAGCT"
"TTTGA"
"GCATC"
"TCAGT"
"GTCGG"
"AGTTT"
"TCTTG"
"AAATC"
"ACGAG"
"ACAAA"
"TGGTG"
"TTTAA"
"GGGCC"
"CAAGA"
"GAGAG"
"ATATC"
"CACCC"
"TATGG"
"GATCT"
"TAACA"
"GGGAA"
"AACAA"
"ACAAA"
"GGGAA"
"GTGCA"
"CATCA"
"AAAAC"
"GGAGA"
"CTGTT"
"CATGA"
"GTGCC"
"AGCCT"
"ACCCC"
"GCCTC"
"CCCGA"
"TGTAG"
"GGTTG"
"GCGAC"
"AGTTT"
"CAGGC"
"TCATT"
"CCCAC"
"GCGGC"
"GGCAG"
"GCTGT"
"TCGTC"
"TAACA"
"CTGTA"
"GGCTT"
"ACGTG"
"GATCT"
"GAAAG"
"CCAAG"
"TGTGT"
"CTTTT"
"CAGTG"
"TCGCA"
"TGTCA"
"GCAGA"
"GGGTC"
"AAGTC"
"TGGGC"
"CCCTA"
"TACAG"
"AGGAA"
"AACTG"
"GCGCA"
"ACGGA"
"GATAG"
"CTTAG"
"CTCGG"
"TATCT"
"TCCAA"
"AACGG"
"TGTCT"
"CCTGT"
"AAAAA"
"ACCGC"
"CCCGT"
"CTATT"
"CCGTT"
"CACGG"
"TATCT"
"ACGCA"
"CCTTG"
"CAACC"
"ACACC"
"TAGGT"
"ACAGC"
"ACGGG"
"TCCTC"
"TGTTC"
"CACCC"
"CTTTA"
"GTGAG"
"GAATA"
"CAATG"
"CGAAG"
"AAAAT"
"CACGA"
"CACAT"
"ATTTA"
"CCGGG"
"GGGCC"
"CAGCC"
"TACAG"
"CCCGT"
"TGGCA"
"CCCCA"
"CGGTG"
"TGTGA"
"ACAGG"
"TTCGT"
"GTAGG"
"GCTCA"
"TCCGT"
"GTGTT"
"CCTGT"
"GGCGG"
"CCTGT"
"CGGTT"
"AAATA"
"AGCGG"
"TGCTT"
"GTTGA"
"CTCGG"
"GCATG"
"AAAGA"
"ACATT"
"GCCGA"
"CTCGC"
"GGATG"
"CCGGG"
"CGCAT"
"GGCTC"
"GGCGC"
"GCGAA"
"ACGGC"
"GCCTC"
"AGGTC"
"ACCAT"
"GCGCA"
"AGGGG"
"ACAAA"
"ATCTG"
"AATGG"
"AGTAC"
"CCGCT"
"GCACC"
"AATGG"
"GTGGG"
"ATCTG"
"TACTT"
"CACAG"
"TTATA"
"ATGTG"
"TTTCA"
"AATCC"
"CTTCA"
"TACGT"
"CAACT"
"AGCGG"
"AACGT"
"GTCTA"
"GCGGT"
"CACAG"
"CTGTG"
"TCGGC"
"CAGCG"
"GGCGG"
"AGGAA"
"ATAAC"
"TGATT"
"CCCTC"
"TCTGA"
"CCGTT"
"AAACA"
"AGCGA"
"GAGGT"
"TGCGG"
"AGTGC"
"AAATA"
"TCAGT"
"TACGA"
"AGGGG"
"ACCAG"
"GACGG"
"GATGG"
"CCTAC"
"AAGGC"
"GTAAG"
"GGGCC"
"CAGAG"
"AGTTC"
"CGCGG"
"CAGTA"
"CCTTT"
"TTGCC"
"CCAGC"
"TTATG"
"GGCCC"
"ATAAT"
"GGCTC"
"CAACC"
"GGGTA"
"AACTA"
"GGCGG"
"GTGGC"
"AGCAG"
"TGGGA"
"GAAGA"
"ACAAT"
"TGTGT"
"TCAGA"
"CCGGA"
"CTGTG"
"AGGGC"
"GGTCA"
"CTGCA"
"AGATG"
"ACTCT"
"CTCGG"
"CCCTG"
"CCGGG"
"GGCCG"
"TCGTG"
"CCTCT"
"TCATT"
"ATATT"
"CCCTC"
"GGAAG"
"ACCGC"
"TAATA"
"AAGTC"
"CACAG"
"AGTGT"
"TATGT"
"TTCAC"
"GAGGA"
"AACAC"
"GCTCT"
"CCATG"
"TGGTT"
"TACTC"
"GCAGA"
"TCGTG"
"GATGA"
"TCATA"
"TGGCA"
"TGAGA"
"GGGTT"
"AAGGC"
"AGTTC"
"GGTGG"
"CCGGA"
"CACGT"
"GGAAG"
"TTTAA"
"GCTTA"
"AAAGA"
"ATCTA"
"CAACT"
"GAGCC"
"GGGGT"
"GCCGC"
"AGGGC"
"TCCAT"
"ATTTC"
"TATGA"
"CTTCT"
"TGCGA"
"AACAC"
"TTGTG"
"TTCAT"
"CCCGC"
"TTGTC"
"CCCAC"
"CAAGC"
"GGGCC"
"CAATA"
"TCGCC"
"ACCTT"
"CTCTG"
"AGCCC"
"ACGCA"
"ACATC"
"ATGGG"
"TGATC"
"AGAAG"
"TGGCC"
"GTTGG"
"TACAT"
"ACATC"
"GCGAA"
"ATTGT"
"GCCGA"
"TACGT"
"GGTGG"
"ACCGA"
"AGCGG"
"AACGC"
"GTCAC"
"ATTAA"
"GAGGT"
"ATTGC"
"CTCAT"
"GGGAC"
"TCGTC"
"GGCAC"
"CAGTA"
"CCTGC"
"ATCAT"
"GTGCA"
"TACAG"
"CTGCA"
"TCAGA"
"AACTA"
"GCCGT"
"CACGT"
"AGCCT"
"CCGTC"
"CACTG"
"GTGTG"
"CTGCA"
"ACTGT"
"CAGAG"
"GAGGA"
"GAGAA"
"TCCCA"
"ATCTG"
"TGTGC"
"CTCCG"
"ACAGG"
"TCGGA"
"ACTGC"
"CTGGC"
"GCCTT"
"AGGTT"
"CCTGG"
"CATGC"
"GTGGG"
"TGGTT"
"GCATA"
"CAATG"
"TCTGC"
"TCCGT"
"ACATA"
"GAGGG"
"TCCAA"
"TCAGC"
"CTCCA"
"AAACC"
"ATTGA"
"CACAG"
"CACGA"
"CAATG"
"AAGCA"
"GCCGA"
"GATCA"
"GATGT"
"GTCAA"
"CATGT"
"CCCGC"
"CAAAA"
"CCCCA"
"TTGTG"
"TCGGC"
"AAGGG"
"TTGCC"
"CTGTA"
"GTAGA"
"AAAAT"
"CACGG"
"CATTG"
"TTTGG"
"ATCGG"
"TACAA"
"ACGTA"
"ATATA"
"GCGTG"
"CTCGG"
"CATTG"
"TATAG"
"CAGCT"
"CCGAA"
"GGAAG"
"TGCGG"
"ACCGA"
"AGTGA"
"TGACC"
"TAAAT"
"TCGTG"
"CCAGT"
"CATAC"
"AAGTG"
"TAAAA"
"GGCCA"
"CTAGC"
"TTTGC"
"GTGGG"
"CCCAT"
"GGCGG"
"TACTC"
"GCACT"
"GTTCT"
"ACGCT"
"TTATT"
"GCATG"
"GATTT"
"ACCCC"
"TGCCA"
"GTGTA"
"GAGGA"
"AGAAA"
"AACAG"
"TCGTG"
"GGGCC"
"GTCAT"
"GGAAA"
"GCAAA"
"GGCCA"
"AGCGT"
"GTACT"
"GGGAA"
"TCGCA"
"TCAGC"
"CACGT"
"ATAAT"
"GCGAG"
"TCAGG"
"TCAAA"
"CACGG"
"ATGTC"
"TACTT"
"GTGAA"
"GCACC"
"CCATG"
"GATTT"
"CTTAC"
"AACGA"
"AGCTG"
"AAGGG"
"ACACA"
"GGCGC"
"TGCGG"
"CCGTC"
"TATAA"
"TACGT"
"GCCCT"
"CAAGC"
"TCACT"
"TCCTA"
"TTGGG"
"AAGGG"
"GATTA"
"TAGAT"
"ATCTG"
"TACTC"
"GCAGT"
"ATACT"
"TATAC"
"GTCGT"
"GCACC"
"AAATT"
"AAAAA"
"GCTGG"
"GCTCC"
"AAAAA"
"TCCAT"
"GATGA"
"AGCCA"
"GGATA"
"CAGCT"
"GACCC"
"AATAA"
"TGAAC"
"GGCGC"
"CCATG"
"TCAGT"
"CCCAC"
"GCACT"
"GAAAA"
"TTGTC"
"ATGTA"
"CAACT"
"ACACC"
"GGTGT"
"AGGGG"
"TTATA"
"ACTGT"
"AACTT"
"TGCCC"
"CACGC"
"TGGAC"
"ACGTA"
"CACGT"
"ACGCC"
"CCTTA"
"CAAGA"
"ACTCT"
"GTGTA"
"GCCAG"
"GCGTA"
"AGCAA"
"CTCCA"
"CTGTC"
"AACGA"
"TCGTC"
"CAATT"
"TCCGC"
"GGTGG"
"CTCGG"
"TTAAT"
"GTGTA"
"CTTAT"
"CTTCT"
"CCGTA"
"TGCAG"
"TTCTC"
"GCCGA"
"TACTC"
"TCGTC"
"ACACT"
"TGGGC"
"ACGAG"
"ATCAT"
"AGATC"
"AAGTA"
"GTCGG"
"TCGCG"
"CCGAG"
"GCCGG"
"TCCCA"
"CAACA"
"GCAGT"
"TATAG"
"GGAGA"
"ACTCT"
"TGTGG"
"CCATT"
"ACGGA"
"TGCCT"
"GCCGC"
"ACATA"
"AAAAT"
"CAAGT"
"GTGTA"
"ACGTT"
"CAAGA"
"AAATT"
"CTTTG"
"AGTTG"
"CCGAG"
"CTGTA"
"CTCCT"
"CAAAA"
"CTCTT"
"CTCTG"
"TCGCT"
"TATGC"
"GCTTT"
"CCACA"
"ATCTG"
"AACAC"
"CTTGT"
"TCTGG"
"CTCAC"
"GCAGA"
"CCCAG"
"GACTT"
"CAAAT"
"ACAGA"
"GCTAT"
"TTCCC"
"TGGCA"
"TCGTA"
"AGTTT"
"AAAAA"
"GCGGG"
"GGGAA"
"TCCGG"
"TGCCA"
"GACAG"
"TGGAG"
"TTTGA"
"CTGAG"
"CTATG"
"TCCGC"
"ACGTT"
"AGTTC"
"CCTCC"
"TTCCT"
"TCCCT"
"GCAGT"
"CATGT"
"CTGTC"
"CCCGG"
"TTCTA"
"TTGCA"
"CCGTC"
"CTGTT"
"CCGTC"
"CTGGC"
"CCCGC"
"GACGG"
"CCAGA"
"TGCCT"
"CCTGG"
"GAGTG"
"TGCAG"
"GTAAG"
"TCTGC"
"CAGTG"
"GGTAT"
"CTTGA"
"AAGGC"
"GGAGC"
"GTGCT"
"GATGT"
"TATTT"
"GGGCT"
"TAACT"
"CCTGG"
"TTTAA"
"TAGCA"
"GAGGT"
"TTAAA"
"ATTAA"
"AGGCT"
"TTCGA"
"CCCCT"
"TCGTC"
"TGTGT"
"GCTGA"
"GCTCC"
"AGCAT"
"GGACC"
"ACCGG"
"CTGTG"
"AATGT"
"CATGC"
"TAATT"
"CTCAT"
"TGCCC"
"CTTGT"
"CCGAC"
"GCGTA"
"TTCAG"
"CGCAG"
"AATAT"
"TTGTT"
"GTATT"
"TCCAG"
"ACGCT"
"TTCGA"
"CCGCC"
"CACGG"
"CGCGG"
"ACGTG"
"CACTG"
"GGCAG"
"TGGCC"
"TCACC"
"AGCAG"
"GGATC"
"GAGGA"
"CAGTA"
"CACAT"
"GGTGG"
"CCGAT"
"AGGTA"
"ATGGG"
"TCGAG"
"ACATT"
"CACTG"
"GGTTT"
"ACATG"
"AGTAC"
"AGCGA"
"GGGGT"
"CACTT"
"TCCTT"
"TCCAA"
"CGCGA"
"GAGGC"
"ACTTC"
"CACCT"
"TGCTG"
"TGTGC"
"TGCCA"
"ATGAT"
"AACTT"
"CCGCC"
"TGCGG"
"ACGCT"
"TTCGC"
"ATATT"
"TGAAT"
"ACCCC"
"GAGCA"
"GGCCA"
"TTCAG"
"GATCA"
"CCGCC"
"TGCTG"
"CCAGG"
"AACAA"
"AGCAT"
"CACTC"
"AACGC"
"GACGA"
"TCCCT"
"ATATA"
"TGGTA"
"CCATG"
"TGCGT"
"TACAA"
"CATTC"
"GCGTG"
"AGCAA"
"TTCTT"
"ACGAA"
"TACGC"
"GCGGG"
"TCAAG"
"TCCAT"
"AGGAA"
"TCAGG"
"GAATA"
"ACACT"
"CCTGA"
"TGGGG"
"TGTAT"
"TCGCC"
"CTTCA"
"ACGGC"
"GAAAC"
"TCAAC"
"AGGCA"
"CAAGT"
"TGCCA"
"GCCTT"
"AGCCT"
"TGAGA"
"GCCGG"
"CCGCG"
"TTCAA"
"TATAT"
"TGGTT"
"TTCAA"
"TGCTA"
"ACCAG"
"AGCAG"
"GCATG"
"TATCT"
"CATCA"
"ATTAA"
"AACTT"
"ACACT"
"AACTA"
"ACGGT"
"GGGGA"
"GCATG"
"CCAGG"
"CCCTG"
"TTTCG"
"AATTA"
"TCCTT"
"CCGGT"
"AACTT"
"CAGAG"
"TCACC"
"AGTAT"
"GACAA"
"TCCCA"
"GTTGG"
"ATAAA"
"AGCTA"
"TGCCT"
"TACAT"
"ACAGC"
"TGTGA"
"GGCGC"
"CCATC"
"AGCCA"
"CACAG"
"CAGCT"
"AGGGG"
"GGGCT"
"ACGCC"
"GATGA"
"TACTT"
"GAGGT"
"TTCGG"
"GTTCT"
"TGCCT"
"CCCGA"
"GATGG"
"AGCTT"
"AATAA"
"CCCCA"
"AGTTG"
"CATGT"
"AAAAA"
"TTATT"
"CAGTG"
"GTCCG"
"TTGTG"
"CCCGT"
"GGGAT"
"GCGGA"
"GCGCC"
"GAGCT"
"CCACA"
"ACCCT"
"GGAAC"
"CTCTC"
"TGACT"
"GCTCT"
"TATTG"
"ATTCC"
"TTTGC"
"AACAG"
"ATATC"
"GGGCA"
"ATCGC"
"TTGTA"
"GACGG"
"AGATA"
"CAGTG"
"AACTA"
"ATGAA"
"CTGTT"
"CCCGT"
"AACCC"
"ATCTG"
"GCAAG"
"GAGTC"
"GGAAG"
"GCGGG"
"TATGT"
"ACCGA"
"CCGTT"
"TCTTT"
"GGCTG"
"CTGTG"
"CATAA"
"TCTCC"
"CTTCC"
"CCACC"
"TTATA"
"ATGCA"
"TTCGA"
"GGGGC"
"AGAGA"
"GCTAA"
"TCAGA"
"GAATA"
"ACAAT"
"AAGAT"
"CATCC"
"CTTTT"
"AAAAA"
"GTCGG"
"TGCGG"
"TTGTT"
"CGACT"
"GTGAG"
"GCGCC"
"AGCCC"
"TTATA"
"TGCGC"
"GCGGG"
"AAGCT"
"CCAGG"
"TTTGT"
"TGGGC"
"CTCAC"
"ATGTT"
"AAACC"
"TATAA"
"GAGCC"
"ACCGC"
"TTCTC"
"CTATT"
"TGACC"
"TCCGA"
"CTATA"
"GACCT"
"AGCTT"
"TTTTT"
"GCTTT"
"TACGG"
"GACGG"
"CTAAA"
"CCGGA"
"TACAG"
"GGACT"
"GGGTT"
"ACGCC"
"CATGG"
"CTTCT"
"TACAG"
"CCGCT"
"GTGTG"
"GCAGC"
"CCAGT"
"CCCGT"
"TCCAA"
"TAATA"
"CCCAA"
"ATTTT"
"CCCTC"
"CTGCT"
"CTCGC"
"ACATT"
"GAGAG"
"TAGAT"
"GGGTG"
"AATGG"
"TCCCG"
"ATTGG"
"TAAGA"
"CCGAA"
"CAAAA"
"GAGTG"
"TTGTA"
"TTATT"
"GTGCC"
"AGGTA"
"CCCCG"
"GAGAA"
"CCATT"
"AAAAG"
"TTAAA"
"ACGTC"
"TCGTG"
"TGTGT"
"TAGAC"
"AGTGG"
"GCAAC"
"TCTGT"
"AATGT"
"GTTCA"
"GGGCA"
"GCGTA"
"TTATC"
"CTCCC"
"ACATC"
"TGCTT"
"CAACA"
"CTATA"
"GCCGG"
"CTGTG"
"CTCGC"
"ACATG"
"GATAG"
"CCGCT"
"CATTG"
"ACAGC"
"TTATA"
"CATAT"
"CCCTG"
"TAGGA"
"GAGCC"
"ATCGC"
"ATCTG"
"GCATC"
"CCTGG"
"GTGCC"
"GTGGC"
"GGGGC"
"GCAAC"
"AACGC"
"CCCTC"
"AGGAA"
"ACAAA"
"GTCTC"
"CCCGA"
"CAGGA"
"GGATG"
"ACGCC"
"CAGAT"
"CTTCG"
"CAATT"
"TATTG"
"GGAGA"
"CTGGA"
"ATGAC"
"AGGGG"
"CTGCA"
"CCCAG"
"GGTGA"
"CCCGA"
"CCTGC"
"CGATG"
"TGTGA"
"CGGAG"
"TTCTC"
"TTATT"
"GCGCA"
"CAATT"
"CTGTG"
"GCCGC"
"CAACA"
"GGATT"
"AGGCC"
"TTTAG"
"TGAGG"
"TTAAT"
"ATTGG"
"GCAGA"
"AACTT"
"GACGC"
"AAGAT"
"TCAGG"
"GAACT"
"TCAAA"
"ACTGT"
"CCCAA"
"CTAAA"
"TGGTG"
"AGGCC"
"TAGGT"
"CCCTG"
"ATCTG"
"CCACA"
"TCTTG"
"CAATA"
"ACAAA"
"CTACA"
"AGTGA"
"CTGTA"
"ATGCT"
"ACGTA"
"CCGCC"
"TTAAG"
"ACACC"
"TCCAC"
"AATTC"
"GCGCG"
"GGATG"
"ATTTA"
"TGCGC"
"AGAGA"
"GAGCC"
"GGCCA"
"TCCCG"
"CAGTA"
"TGCTC"
"ATAGA"
"AAAAA"
"CTTAC"
"CATTT"
"ATCCA"
"CAACG"
"AACGG"
"ACTAC"
"CCTGC"
"GCCCC"
"TCGGT"
"GATTC"
"TCGGT"
"TGGGA"
"GACGC"
"AACCT"
"TATGG"
"CCGCA"
"TCATT"
"TCCGT"
"GGCGC"
"TTGGG"
"TGATG"
"GGTAG"
"TTGTT"
"GGAAA"
"TGATG"
"AGTGT"
"ATGGC"
"GGCGG"
"CAGCT"
"TAAAG"
"TGATG"
"GCGTA"
"CCAGT"
"ACGTG"
"CCGGC"
"GGCGG"
"GACCA"
"GACGG"
"TTGAG"
"AAAGA"
"GCATG"
"GTCTG"
"CCAAT"
"TCGTG"
"ATAAT"
"GAAAT"
"ATATA"
"AGTGC"
"CTTGG"
"ACATG"
"GCCCC"
"TTGTT"
"CCCGG"
"CAATC"
"GTAGA"
"TATAA"
"AGGGT"
"GCTGC"
"ACGAC"
"AGCCT"
"TTAAA"
"TTTAC"
"CTGCA"
"ACGAA"
"TCGCC"
"ACAAT"
"AGGTC"
"AGCCA"
"GCGGG"
"GAGCC"
"TTCTG"
"CAACC"
"CCGCC"
"GCGAG"
"ATACC"
"GACAG"
"CTGTA"
"GCCGA"
"CATAA"
"TATAT"
"GAGCT"
"AACGC"
"GAACC"
"ATCAT"
"CCGCC"
"AAAGA"
"TCCGG"
"TCCGA"
"CCGCC"
"AACAC"
"CTTGT"
"CTGTG"
"TCAAG"
"TGATG"
"CCGGT"
"CTATA"
"ACAGC"
"AAATA"
"TGCTT"
"TGCCT"
"GCTGG"
"GCGAC"
"GATGT"
"GGCGG"
"CAGCT"
"CACAC"
"TAGGA"
"TTTCA"
"CCAGT"
"TATGG"
"TGCCT"
"GCGTG"
"TGGTA"
"TTCTC"
"ACGCC"
"ACCGG"
"TTACT"
"GGGAA"
"TCTGC"
"TGCTG"
"GATGA"
"GTTTT"
"TCCGG"
"TGGAT"
"CCGAC"
"GTCTA"
"AGGGT"
"ATCGC"
"GCCGC"
"GCAAT"
"CATGC"
"ATACA"
"TAATG"
"ATATT"
"ATTTG"
"TATGT"
"TCGTT"
"ACGTG"
"GCAGT"
"CCCAA"
"ATCTT"
"AAGTA"
"CAGCT"
"TACCC"
"GACCA"
"GCCGC"
"CATGA"
"CCATC"
"TTGTA"
"CTCTA"
"ACCCA"
"CACCC"
"GACGA"
"TTGTA"
"ACTGA"
"TATAT"
"ACCGT"
"CCTAC"
"GGAGT"
"AATCA"
"ACGCT"
"AGGAG"
"CTGTG"
"TCGGC"
"TTTTT"
"CCGGG"
"AAAAG"
"GCACC"
"ACGTC"
"CAGTC"
"CTTGG"
"GGCGG"
"CCCAT"
"CACAG"
"CCTCA"
"TATTA"
"ACAGT"
"AACTG"
"AGTAA"
"GAAGT"
"CCAGC"
"AACAA"
"AGGAG"
"GTTCC"
"CCGCC"
"TCGTG"
"ATGAG"
"GGGTT"
"AATGC"
"TTCGT"
"TTATA"
"AGTTA"
"ATTGG"
"TAACT"
"GAGCC"
"GAGGA"
"ACGGG"
"AAAAA"
"ACTAT"
"CTGAC"
"TGTTT"
"ACCGA"
"CCTCG"
"GAGGC"
"GAGGT"
"AGCGG"
"CCGAG"
"CTGTG"
"CCCCA"
"CCCGC"
"TGATT"
"CCAAC"
"GGACA"
"CATTC"
"CAATG"
"GGGTG"
"TGACT"
"GCCCC"
"CCGCC"
"CCCGG"
"TTAAA"
"ATGCC"
"GCACA"
"TTCTA"
"GCACA"
"CTGTG"
"ATCCA"
"CCCGC"
"CTTTC"
"GTTTT"
"TGAGT"
"AACGG"
"TTCCC"
"TGCAC"
"TATAT"
"ATAGT"
"ACACA"
"TTATG"
"CGCCT"
"TTATT"
"TTACG"
"CAGGG"
"TCACA"
"ACTTT"
"AAACA"
"CAGTC"
"AGGTG"
"CTTCT"
"AGGAG"
"CTGGG"
"GAGAA"
"CCGGC"
"GGAGC"
"TGTTT"
"AAAAG"
"CTGCA"
"CAATC"
"ATGCA"
"GACAC"
"CTACT"
"TGACC"
"CCTCG"
"TGGGA"
"CTCAT"
"ACATG"
"GTCTC"
"GGACT"
"AGTAA"
"TCCCG"
"ACACA"
"TATAC"
"AGGTA"
"GCGCA"
"AGGGG"
"TCCGC"
"GTATG"
"CCGTG"
"GGGGC"
"GCATT"
"TTTGA"
"GGTCT"
"GCGTA"
"TCAGG"
"GCCTC"
"GCATG"
"TCCCA"
"TAATA"
"CGCTC"
"GCAGG"
"GGAAA"
"ATCGT"
"AACAA"
"AGGAA"
"GTCAT"
"AATGT"
"TCATG"
"GCGGG"
"CAGTC"
"CTTGA"
"ACACA"
"CTATT"
"CCCAG"
"CCACC"
"TTATA"
"AGCTT"
"TTCAA"
"AACTC"
"GGGGT"
"ATACC"
"TCTGA"
"ATTCG"
"AGGCT"
"AACAT"
"AGCTA"
"TAGGG"
"GCATC"
"ACCAT"
"TCGCC"
"GCAAA"
"GTGGC"
"CCGTC"
"ATAAA"
"ACTGA"
"TCTCA"
"CACAG"
"CGGGA"
"ACCCG"
"TCCGG"
"CGCAT"
"TCCAA"
"ATTGC"
"GATAA"
"ACTCC"
"TCCAA"
"GCGAG"
"GGTCA"
"ACCCT"
"TGGCA"
"TTTTG"
"AGTGG"
"TCCTC"
"AAAAA"
"TAGGG"
"GTTCC"
"CTGGG"
"TCATC"
"ACACC"
"CACAT"
"CCCTC"
"TTTTT"
"AGCGA"
"GGGGA"
"GGCGC"
"GAGAG"
"AGGGG"
"AGCAA"
"ATGTT"
"TCTGC"
"TCCGA"
"TGCGA"
"GTTTA"
"AGCGG"
"GGGGC"
"GAAAC"
"ATGGA"
"CTTGC"
"CCGCG"
"AGGGG"
"TAGCC"
"GAAGA"
"TTGAG"
"ATGAT"
"CAGCT"
"TGCTA"
"CTATT"
"TATTG"
"ACGGA"
"TTTGT"
"GACAG"
"TGAGA"
"CAGGA"
"ATGCA"
"ATGAA"
"CCCGG"
"CGCGA"
"GTAAA"
"CCTTC"
"AGAGT"
"GCCAC"
"GCACC"
"TATGA"
"CCCCT"
"TCCTG"
"CTCTT"
"CTCGA"
"TACCT"
"AGTGT"
"GACCC"
"ATTCC"
"CGACA"
"CCGTG"
"ATATC"
"CTGTG"
"AAGTA"
"AGGAT"
"CGAGC"
"GAGCC"
"AAGGA"
"GCCCT"
"CATAT"
"TATCA"
"GTAAA"
"ACGGG"
"TCTTT"
"TCTTC"
"TAAAA"
"ATTAT"
"TCCGA"
"AGCGC"
"GGCTG"
"GAGTT"
"GGCTC"
"AACCT"
"GGTTA"
"TAGGG"
"CATTA"
"TAAGA"
"CCGTG"
"GATGG"
"CAATG"
"ATTTT"
"GAATC"
"GTATC"
"TACGT"
"GGTGT"
"GGGAA"
"AACAT"
"CCACT"
"CGAGA"
"TGCGG"
"GTTGC"
"ACATG"
"GCAGG"
"TGGTC"
"AGAGC"
"CTGGG"
"CACTA"
"TCGCC"
"TCGTC"
"CACCT"
"TGTAC"
"TGACC"
"TATAT"
"AAATC"
"AGAGT"
"TCGGG"
"GTATC"
"GGCCT"
"AAATA"
"AGCCA"
"GCGTA"
"GAGGG"
"TAGCT"
"TCCGC"
"GGAAG"
"CCCAA"
"CACAA"
"GCGAT"
"AACCT"
"CAAAA"
"AATTA"
"CCAGC"
"AGCTA"
"TTTAT"
"AAAAA"
"GGAGT"
"GAATT"
"CCATG"
"ACATA"
"CTGCC"
"CCACC"
"ATCGC"
"GCATA"
"CGTCC"
"CTATA"
"ACGGG"
"TTTTT"
"AGCGA"
"CCGGT"
"ATCAA"
"CAGGC"
"CATGC"
"GGATT"
"TCCTC"
"TCACT"
"CCCCC"
"CTTGC"
"GATGT"
"AATGT"
"CAGGT"
"GCTCT"
"GGTGA"
"AATAC"
"TTGCA"
"GACGC"
"AACGA"
"TTTTG"
"CCTCC"
"CACGC"
"GCGTC"
"CCGCA"
"ACGGC"
"CATGT"
"CTGTT"
"GATGG"
"CCCGC"
"GTAAG"
"TCATG"
"GTTGG"
"AGAAA"
"CATTG"
"ACGGG"
"GGCTC"
"ATGGA"
"CTACC"
"TCGGG"
"CTGTG"
"TATAC"
"GTGGT"
"CTGCC"
"CCCTT"
"CACGG"
"CTCCT"
"AAACC"
"TTCGC"
"CAGGT"
"AGGTT"
"CCAGC"
"CCGAG"
"GGAAA"
"AGGGA"
"CATAG"
"GAATT"
"TTAAA"
"TTCTG"
"GCGCA"
"TCGCC"
"ACGTC"
"GTGTG"
"AAGAA"
"CAGGT"
"AAAAT"
"GCCGA"
"GTCTA"
"TAAAT"
"TGTAG"
"ATCGG"
"ATCTG"
"TTCAG"
"GAGGT"
"TGAAA"
"GCGCT"
"CCGGA"
"TTGTT"
"AAAAA"
"AGTGC"
"CCGGG"
"CCTGG"
"GGCGG"
"TACAT"
"AAAGG"
"CACGT"
"AGGCT"
"GTACT"
"AGGGG"
"ACGAT"
"AGGTT"
"GCGAT"
"TCGCC"
"CCGGG"
"GGAAC"
"GCCGG"
"CACTT"
"AACTA"
"TGCGT"
"CACAG"
"CACGA"
"CTCTA"
"ACGCC"
"AAACT"
"GCAGC"
"CCGGG"
"CTCGA"
"TCATA"
"CCTGG"
"GCCGA"
"AGATG"
"CCTGG"
"GCGGC"
"GAAGA"
"GGCGT"
"TCCCC"
"ACATT"
"AAGTC"
"TCGTT"
"GGAGG"
"GGAGA"
"GTTTC"
"CCAGC"
"CAATG"
"TAGCT"
"TGTCT"
"TGGTC"
"GAGGG"
"CCAGG"
"GCAGC"
"AGAGA"
"GAGGA"
"CATAA"
"CACGC"
"GGATT"
"CGGCC"
"ACAAA"
"ACGTG"
"GAGAT"
"TCATA"
"CTGTT"
"CACCA"
"GCATG"
"TGCGA"
"TGCAT"
"GCATC"
"AGGGA"
"TATTT"
"CTCCA"
"TCTAT"
"CTCGC"
"TTGCC"
"CATAA"
"CACGA"
"TCTTG"
"TCCTT"
"AAAAT"
"CAATT"
"GTCTT"
"ATGCC"
"GACAA"
"AAAGA"
"GCTCC"
"TCAAG"
"CCGCC"
"CACGC"
"GCGGT"
"TCAGA"
"AACCC"
"CCCGC"
"ATGGA"
"CAATG"
"AGGGG"
"TCGGG"
"ACCTT"
"TGGGG"
"CCGGG"
"AGTCC"
"AAAAA"
"GCGCT"
"CCGAC"
"GGCGG"
"TAAAA"
"GGTCA"
"CTGTA"
"CCCCA"
"ACGTG"
"AAATT"
"GTCAA"
"GCTAG"
"ACCCA"
"GGAAG"
"TCGGA"
"GTAAG"
"ATGTC"
"ATGTG"
"CAGTG"
"ACATG"
"TATGT"
"CCCAT"
"GCGGT"
"CGATT"
"AACTT"
"GGCCG"
"GGCAG"
"GATAT"
"GTACA"
"CACCC"
"TATGG"
"TGCGG"
"CCGGC"
"GCCGG"
"GTATT"
"GCAGT"
"GGACT"
"CGGGT"
"TGAGT"
"TACGC"
"ACACA"
"CGAGG"
"CCGAC"
"CCATA"
"ATGTT"
"CCGAG"
"ATTGT"
"CTAAA"
"TGTAG"
"CATGT"
"CGGTA"
"AGATT"
"GATAA"
"TGCCT"
"GTAGT"
"AAACT"
"TGGAG"
"TAGCA"
"TTCCA"
"AACCA"
"GAGCT"
"CAATG"
"CATTG"
"AGAGA"
"TCGAG"
"TGATA"
"TATAA"
"AGAAA"
"AAAGT"
"TTGTT"
"CAGGC"
"CGAGA"
"GAAAA"
"CCGAG"
"GCGCC"
"CGGCA"
"CTATT"
"CCTGC"
"GATCC"
"GTCGG"
"CTGTT"
"CACCA"
"CAGTG"
"GAATA"
"GGGAG"
"CCCGG"
"CAATA"
"GAGGG"
"TTTGA"
"AAGAG"
"TGGGT"
"GGGGC"
"TGAAC"
"AGCGC"
"AACGT"
"GGCTG"
"AAAAA"
"GCCCG"
"CCCCA"
"AAACA"
"TCGTA"
"GGCGC"
"ACAAA"
"ATCAG"
"AACTA"
"TTGTT"
"TGGCC"
"CCCGT"
"AAAAA"
"GCGAT"
"CACTC"
"GGTCC"
"GGGGT"
"GGGCC"
"ATGTA"
"GCCTG"
"GCATG"
"GTGTT"
"CACGC"
"ATAAG"
"AGTCA"
"GGCGC"
"TTGTT"
"CCTCT"
"ACAAG"
"CCGAT"
"GCGAT"
"ACGGA"
"CCATC"
"CCGGG"
"CATGC"
"GATGC"
"ACGTA"
"TCAGC"
"CCCAG"
"TCCGC"
"GGAAG"
"TTTTG"
"TTTCT"
"CCCCA"
"CTCAG"
"TTGAC"
"ATTCA"
"CTGCA"
"CTGCA"
"TATCT"
"AGTTT"
"TTCAA"
"GGCGT"
"ATACC"
"CACTC"
"CAGTA"
"TCGAT"
"CCAAT"
"GCTAA"
"CCGCC"
"CCCCC"
"AGAAG"
"CCTGA"
"CCTGC"
"GAGAG"
"GACGT"
"AAAAT"
"CTGTG"
"GCGCT"
"GATCA"
"TCGCA"
"CCCGG"
"CTGCT"
"GCATC"
"TCGTG"
"GTGTT"
"AGTCT"
"GCTTA"
"CCGCC"
"CTTGA"
"TTGGT"
"ACTGG"
"CCCAC"
"CTCCT"
"ACACA"
"TTTAT"
"AAAAA"
"GAACT"
"TTCTC"
"CCGAG"
"GACGT"
"ACCGT"
"GCGAT"
"TACTT"
"AGCGC"
"TACGG"
"TCAGT"
"ACATG"
"ACCAT"
"TTAAA"
"GGCAC"
"ACTGC"
"TGTCT"
"CACTT"
"ATGCT"
"CACCT"
"GAGGA"
"CTCTC"
"GAATC"
"TCAGC"
"GGAGC"
"GGTGC"
"GGTGC"
"GTCTC"
"ACGGA"
"TCTCC"
"CACGC"
"GGAGA"
"GCCGC"
"CACGC"
"TTCGC"
"CATGA"
"CAAGG"
"GTAGC"
"CAATT"
"TTTTT"
"ACCTA"
"ACTTC"
"TGGCC"
"AAAAC"
"GCGGT"
"TGTAT"
"GAGGT"
"AAAAA"
"ACGGT"
"CCCCT"
"CGCGA"
"GGCTG"
"GATGG"
"TGTAC"
"CTGCC"
"ATTAA"
"TCCTG"
"AGGGG"
"CCGCA"
"GCCAG"
"CCCTC"
"TAACA"
"TAGGG"
"AAATT"
"ACTGG"
"CCATG"
"CTCTT"
"CTAGA"
"CAACA"
"TGCAA"
"GTGGC"
"CCGCA"
"GGAGA"
"AGGAG"
"CATGA"
"CTCCC"
"TAACA"
"AAAAA"
"TCCGG"
"TATTT"
"CCCGC"
"ACCCC"
"CCCGT"
"TGATC"
"GCCGG"
"AATGA"
"TATCC"
"AACTG"
"TTTTT"
"TGGTT"
"TCCCA"
"CATTG"
"GACGG"
"ATAAG"
"CTGCC"
"TCCGC"
"TGGTT"
"ATGTG"
"CCTAA"
"TAGGT"
"TTTGA"
"CTAGC"
"AAACT"
"AATAT"
"CTGTG"
"ATTGA"
"GGCCA"
"TCGTC"
"AGTGC"
"AAGGT"
"CTGCA"
"GACGG"
"GTGAC"
"TACTT"
"AACAA"
"GGCGG"
"CGCGC"
"ACTTT"
"AGGTA"
"AGCAC"
"TGTTC"
"GTGAT"
"GGGGT"
"AGATG"
"GAAAT"
"CATGG"
"CAACT"
"ACGGG"
"TGGCA"
"GGAGG"
"TGTCA"
"ACCCT"
"CCGGA"
"GAGCC"
"GGCCT"
"AGGGG"
"CCTGG"
"TCCCA"
"TTCAA"
"GGTCA"
"TCGTC"
"TTGAG"
"TGGTC"
"GAATC"
"CTCGA"
"ATTTG"
"TAGAG"
"TATGT"
"AGACA"
"TCCGC"
"TAGCA"
"AATGG"
"CGGCC"
"TTTCC"
"GAGAC"
"GGGGA"
"ATTTA"
"CAATG"
"GCAGG"
"CATAA"
"CAGGT"
"CTGGT"
"TATGG"
"CACGG"
"AAGGA"
"CCACG"
"TAATG"
"AGGAG"
"CCAGC"
"GGGGC"
"GACGA"
"ACCAC"
"CCGTT"
"GCGGC"
"TCCTG"
"CATTC"
"CTTGG"
"CAGCA"
"CCACA"
"CCTTT"
"TCAAA"
"TACGG"
"TGATA"
"ATAGA"
"TGCGA"
"TTCAC"
"CCCCA"
"GGGCA"
"TCTCC"
"AAGTC"
"CGCGG"
"TACGA"
"GATTG"
"TGCGG"
"GCCCA"
"TGGGC"
"ACTCT"
"TTGCA"
"CACGC"
"TGCAG"
"CTCCA"
"ACATT"
"TGTAG"
"GCGGC"
"GTCTC"
"ACCAT"
"TCTTC"
"CCCCT"
"GCGGG"
"CATAG"
"TCCTG"
"GTGCA"
"AATTG"
"AAATA"
"CTTTA"
"TTCTG"
"GCACG"
"GATGG"
"TAGAA"
"AACTG"
"CCTAT"
"CAGAA"
"GGAGG"
"CCGTG"
"CTGGA"
"CATCA"
"AGAGA"
"GCTGA"
"TAAGT"
"ACGCT"
"TTTGA"
"GGCCA"
"CTCTA"
"AAAAT"
"ACGTC"
"TCAGT"
"TTGGT"
"CCAGC"
"CTCAT"
"GCGCT"
"CGAGG"
"CCGAG"
"CCGAG"
"ATGTA"
"CACCC"
"GGGGT"
"ATTGG"
"CCGTC"
"ATATG"
"GTCTC"
"ATCGG"
"GAAAG"
"GCAAA"
"TGCCA"
"CTTTG"
"CATAG"
"TGCTC"
"AGCGT"
"ATCAA"
"AGTCT"
"GACGG"
"CCCAG"
"ACCGC"
"ATTAG"
"CATGA"
"TGAAA"
"GCCAG"
"TCCAG"
"CACAT"
"GAGAA"
"AATAG"
"ATATA"
"TATTG"
"CATGG"
"ATGGC"
"GAATC"
"AAGCA"
"CTTAC"
"TGTAC"
"TAGTT"
"GGGGC"
"TTTAA"
"GGAGC"
"TCCGG"
"TTTTT"
"TTAAA"
"GAATA"
"GGGTC"
"GCGGT"
"GCAGC"
"ACGGA"
"GCTGG"
"ATAGC"
"ACGTA"
"ACTTG"
"CTCAC"
"AGTCT"
"GAGTA"
"ACTGA"
"ATACA"
"AATCC"
"ACATT"
"TGGTT"
"TTTGG"
"TTTTG"
"CCGCT"
"CACGC"
"CAAGG"
"TAAGG"
"TATGT"
"GCCGC"
"CCCGG"
"GCGGG"
"TGCTT"
"GCAGA"
"ATTTT"
"AACGA"
"TTTAT"
"ACTTG"
"AGGCC"
"ACTTC"
"TGAGC"
"ACATC"
"GTGAT"
"GCGGG"
"CACGC"
"ACCGA"
"ACTGC"
"AGATA"
"CCCGG"
"TACGA"
"CCAGC"
"CCGAG"
"TGTGC"
"ACTCG"
"AGCTG"
"CCAGG"
"GCTCT"
"AATTA"
"ATTGA"
"TTGCT"
"ACGTT"
"TGTGT"
"GTTGG"
"CATCA"
"TCTGT"
"CTTAC"
"TGTAC"
"ACAGT"
"TAGAG"
"ATTAA"
"CCGCA"
"AATAA"
"GCCCT"
"TCCCA"
"TTAAA"
"CAGAA"
"CGGCC"
"GTGCA"
"GCGCA"
"GGAAG"
"CCGTT"
"AAAAT"
"CTGTC"
"GGAGG"
"CGGGA"
"CCCTG"
"CCAGG"
"TTTAG"
"CCCCT"
"GTCCA"
"CATCA"
"CACGG"
"ACGGG"
"ATCGA"
"CTACT"
"CATTC"
"TGCCT"
"ATTCC"
"CCGGA"
"CAGAG"
"AATGG"
"CAGAG"
"AGCTT"
"GCGTG"
"AAAAA"
"TTTTG"
"GCTAC"
"CTGTG"
"TCAGA"
"TTATT"
"CACGC"
"CAGAT"
"CTGTA"
"TTGTA"
"CCATT"
"TGCAA"
"GTAGT"
"CAAGA"
"GCCGG"
"TAACC"
"GGCCC"
"GTCAG"
"CATCT"
"CCGGG"
"CTGTG"
"AGTGG"
"ATTAT"
"AGGCC"
"CTGTC"
"CATGG"
"GGCGT"
"TGGTG"
"GACTC"
"TAGGT"
"AGGCC"
"AACGC"
"GGGCC"
"AGCAA"
"TTTCC"
"CACGG"
"GCTAT"
"AGCGC"
"ACCGC"
"CTCCC"
"TCGCT"
"ATAAT"
"ACATT"
"AGGGG"
"GGTAG"
"CACAT"
"TGCTT"
"ACTTC"
"ACGTT"
"GTACC"
"TGGGA"
"GTAGC"
"TACGC"
"CATGA"
"ACGGG"
"TGTGA"
"TAAAA"
"ACTAG"
"AGCCT"
"AGACC"
"TCCGT"
"TGGAG"
"CAAAA"
"AGCGG"
"TTAGC"
"ACTTT"
"GCCAT"
"AACGG"
"GTAGG"
"CCCAA"
"ACCTC"
"AGTTA"
"GGACA"
"AGTAC"
"ACCCC"
"ATGAC"
"AATCA"
"GTGAG"
"GAACA"
"TGGTG"
"GGGCG"
"CCAGA"
"CTGTC"
"CCGAC"
"CACGC"
"AGGAA"
"CAGTT"
"GGATC"
"GATTG"
"TTTGG"
"AGATG"
"TGCAC"
"ATCAA"
"CATTG"
"ACGCC"
"CAATT"
"TCGGG"
"GGACA"
"GACCC"
"CAGCA"
"CCTTC"
"ACGAC"
"ACAGA"
"ATGAA"
"CTTTG"
"CCGAT"
"TGATT"
"GCATG"
"TAATA"
"ACGCC"
"TTTTT"
"GGACT"
"TTCAG"
"GTGAC"
"TGGTG"
"GGGCC"
"GCCGA"
"ACCAC"
"TCGGT"
"GGCCT"
"CCGCT"
"ATCTG"
"CGCAT"
"GGCCG"
"AAGTA"
"ATATA"
"TCCCT"
"AGGAG"
"CCTAA"
"ACACA"
"GCCGA"
"CAGAA"
"CCAGT"
"AGCAC"
"TCGAT"
"CCGCC"
"AGGCC"
"GGCCC"
"CCCCA"
"TATAG"
"GCAAT"
"GCGTG"
"CCACC"
"TAGGG"
"TTGTC"
"CCGGG"
"CCCTC"
"AACTC"
"CTCAC"
"GCCCC"
"CACGA"
"CCCGG"
"CAGCT"
"GCCAC"
"GCGTG"
"AAAAT"
"GGCGA"
"CACTC"
"GCCTG"
"CTGCC"
"TTGAA"
"GATCT"
"CTTAC"
"TTGTT"
"CTCGG"
"AGCGT"
"GATTG"
"AGGGT"
"TCATT"
"AGGCT"
"TATTT"
"AGTCC"
"TTTCC"
"CACTT"
"GAGTG"
"AAAAA"
"TAATA"
"GGTAG"
"AGATC"
"AGGCT"
"GTATG"
"ACGTG"
"ATGCT"
"CGGAA"
"ACTGT"
"TCGGA"
"TGACG"
"AAGAC"
"CTCCC"
"TTGTT"
"TTTGG"
"GTAAT"
"CCTTG"
"GCGAA"
"GTGTG"
"ACCTC"
"GATGT"
"GAGAG"
"CCTAT"
"GGGAG"
"TGTTA"
"ATTTA"
"GAACC"
"CATCC"
"TAGGA"
"TCCTC"
"GTGGC"
"GATAG"
"CAAAT"
"TTCTT"
"TGCGA"
"CACGT"
"CCGGC"
"CTCAT"
"CCAGG"
"CAATC"
"CCACG"
"GTCAC"
"ACGTA"
"GCTGT"
"ATTAT"
"GCGGT"
"TCCGC"
"TTCGG"
"AGAGA"
"CCTCT"
"TCTGC"
"GTGTG"
"GCATA"
"AGTGC"
"CCACA"
"CGCGA"
"CCGTA"
"GAGAA"
"TGCTG"
"ACTGC"
"TGCGA"
"TTCAA"
"TTGCA"
"CTAGC"
"ATCCA"
"CAACC"
"CTCAG"
"CTAGA"
"TACGA"
"CAACC"
"TCCAG"
"ATATC"
"CACGG"
"GCAGG"
"TCGGC"
"GGACT"
"TTTTC"
"TGGCT"
"TACGC"
"AACAA"
"GCCGT"
"GCCAA"
"GCACT"
"CCCAA"
"TTACT"
"TGGCC"
"AGTTT"
"CATTG"
"CCTGT"
"ATTTT"
"TCACT"
"GAGAA"
"TGCAC"
"CAACA"
"GCATC"
"AATAT"
"GAAGA"
"AAGCT"
"GTGAG"
"AGTAG"
"TACAT"
"CCCCA"
"CTGGT"
"CTGGA"
"GAGGA"
"GCTCA"
"TCACC"
"CCGGA"
"TTGAG"
"GGTGG"
"GCGAT"
"ACTGA"
"GAGCT"
"TCCCT"
"CACGC"
"CTGCA"
"GGCAA"
"GCCTA"
"TGCAC"
"TTTGA"
"CACTA"
"GAGGT"
"AGAGA"
"CCCCA"
"GTATT"
"TCGGG"
"TGCGG"
"CAAAG"
"TTATG"
"GGTTC"
"TACTC"
"GTATA"
"CCGCC"
"AACGA"
"CACGA"
"GACTT"
"TGTTG"
"TACGT"
"GCAGT"
"CTGAA"
"AGGAC"
"TCCTG"
"CGTCT"
"TATAT"
"ATGTT"
"TTCGG"
"ATTCC"
"TCCTC"
"ACGTC"
"CCCAG"
"AATAA"
"CCCTG"
"CGCGG"
"ATTCT"
"GTATA"
"ACACC"
"CTCGA"
"TTCGT"
"AGGTT"
"ACTGT"
"GGCAG"
"GCAAC"
"ATATA"
"AGCTA"
"CTGAA"
"GCAGA"
"GTCGG"
"CAGAA"
"CATGA"
"CAGTG"
"CATTC"
"CTGGC"
"GGCGC"
"TAGCT"
"TAATG"
"CCGTC"
"CATAA"
"ACAAA"
"TGGTC"
"TTCTT"
"CACCT"
"AACAG"
"AAATT"
"AGCCG"
"GCCGG"
"AGGTA"
"CCATG"
"TCAGC"
"ACTGG"
"ACGTC"
"TTCGG"
"GGCAG"
"GAACC"
"TGGGC"
"CATGG"
"CCCGT"
"ACGCC"
"GCCGG"
"TCCGT"
"TGCAT"
"ATAAT"
"CACTG"
"GACGC"
"CCATT"
"ACATT"
"GTCGA"
"AATGG"
"AAGAA"
"ACGGC"
"GGGGA"
"CCAAA"
"TTCTC"
"CAACT"
"TCCTT"
"GAGGG"
"TGGTG"
"CCGAG"
"TATGG"
"ATTGT"
"CAGCA"
"CCAAC"
"TTAAA"
"TATAT"
"CGGAG"
"CCAAA"
"GCCCT"
"TGTTC"
"ACATA"
"ACGTC"
"AACAG"
"GCGGG"
"CACCT"
"CACGG"
"ACGCT"
"TATGG"
"GGGAG"
"CGGGT"
"TTTTG"
"TTGCC"
"CCACA"
"ATGTG"
"TTTGT"
"AGTCC"
"TACTA"
"AGACA"
"GCGTC"
"CACCA"
"CCGGC"
"TGCGG"
"TGCTA"
"CTGTA"
"GAACC"
"CAGGG"
"GGAGG"
"TGCAG"
"AACGC"
"TTTGT"
"CTTGG"
"TTGCT"
"CAGTT"
"ACTCA"
"AGCTA"
"GAGCG"
"GATTG"
"TCAGG"
"CACCT"
"TGCCT"
"CTCTA"
"TTCTG"
"CTACT"
"TCTAA"
"AGTTG"
"CAGTT"
"AGTGT"
"AGCCC"
"GATGC"
"ACACT"
"CTCGC"
"AGCGC"
"GCCCC"
"CGAAA"
"GGCTC"
"CTCGG"
"ACCAT"
"AGCTT"
"CACTT"
"TCCTT"
"GAAGG"
"GCCGG"
"ATAAT"
"ACGGC"
"GGCTC"
"CACCC"
"AGCAC"
"TAGCC"
"CAGAG"
"CCGCC"
"AATGT"
"CCGTG"
"GCCCA"
"ATCCT"
"ACATG"
"GATTG"
"ATCAG"
"AGGGG"
"CTATA"
"CCGCC"
"CATTT"
"AGGGC"
"ACATA"
"TTAGG"
"GAAGC"
"CCGCC"
"TGGGT"
"GCCGA"
"AGGCA"
"CCGTC"
"CCAAT"
"ACGCC"
"TAATC"
"CAGAG"
"TTCGG"
"AAGAT"
"GGTGT"
"TCAGA"
"TCCGG"
"TGGAG"
"GCCAG"
"ATGGA"
"GACGG"
"TTATA"
"TACTG"
"AACAT"
"GGTCA"
"GACCA"
"GATGA"
"CTTGA"
"ACCAG"
"GGACA"
"ATAAG"
"AGCCC"
"AAAAC"
"ACATC"
"GATGA"
"CACCG"
"TCTTT"
"GGAAG"
"ACCCT"
"AGTTC"
"TTTAA"
"TACGA"
"ACGCG"
"ATAAA"
"TTAAT"
"CATGC"
"TGGTC"
"TGCGG"
"GGTGA"
"TATTT"
"CAACA"
"GACCA"
"CTCTT"
"GGGAC"
"TATGG"
"TTCTT"
"GACGC"
"TCGTC"
"AGATG"
"AATGT"
"TTCTA"
"TGGTG"
"GCGGC"
"GGTAT"
"GAACA"
"AAAGT"
"TTATC"
"AGCCT"
"AGGAA"
"TATTG"
"TATCT"
"ACAGA"
"AAAAG"
"GTGTG"
"ACACA"
"TTATG"
"GGCCT"
"CCGAG"
"CAATT"
"CTACC"
"AAATT"
"TACAA"
"ACACC"
"ACCAC"
"GGTGA"
"GTCGG"
"GCCGC"
"CAAGC"
"GGTTG"
"GCGTG"
"TCTGG"
"TACGC"
"CAAGT"
"AGCGG"
"AGACC"
"CTCGA"
"TGGGC"
"CATAG"
"CCATT"
"ACAGT"
"GGGAA"
"CACTG"
"ATGTC"
"TTGGG"
"CTCGG"
"CCAGC"
"GAGGA"
"ACTAT"
"TCATA"
"AGGTG"
"CATTG"
"GCGAG"
"GAAGA"
"CGGGC"
"TACTT"
"GGATG"
"CGCCT"
"AATAC"
"CTCCT"
"ACATG"
"CTGGG"
"AGATT"
"CAATT"
"GCCGG"
"GCGGA"
"TCCAC"
"AGTGA"
"ACCTA"
"TTATT"
"GTCCC"
"GGGTC"
"GCGCC"
"GTGAA"
"TCGAG"
"AATGG"
"TCATC"
"CCGTC"
"TGAGG"
"TCGGG"
"TACAG"
"CAATG"
"CACCA"
"TGGAG"
"GAATA"
"AAAAG"
"CCTGA"
"GGATT"
"GGCAA"
"CACAC"
"TACTA"
"TCATG"
"TAACT"
"CTCCC"
"GGCCA"
"AGCGA"
"CGTGG"
"AGGGG"
"TGCGT"
"GCCCG"
"GTTGG"
"TTGCC"
"ACTGT"
"TTCCT"
"ATGGG"
"CTCGG"
"TGGGG"
"GCCGG"
"GGACC"
"TTGCC"
"GATGA"
"TGTGA"
"GGGAC"
"CCAGC"
"GGTAT"
"GTGAC"
"GGGGA"
"AAGTT"
"GCACG"
"AAGCA"
"GAGGC"
"CTGCC"
"AGCTT"
"ACATA"
"TTGTA"
"TTCTA"
"GGGCC"
"ACCCT"
"CTGCT"
"TACTA"
"TTCTC"
"TTTAT"
"TTGAA"
"CCAAA"
"CAATA"
"CCGGG"
"GCCGT"
"TTCTG"
"GGCCG"
"TTAAA"
"AGTGG"
"AAGGA"
"ACGGG"
"GCCGC"
"AAGCA"
"GAATA"
"CCGTG"
"CCATG"
"GCGAT"
"CACGT"
"TTTAT"
"ATCAC"
"TTTAA"
"TACGC"
"TGCCC"
"TTTAT"
"AACGA"
"GCGTT"
"AGATT"
"TCCGA"
"ACATT"
"TGCGC"
"CCAGA"
"TATGA"
"GATCT"
"AAAAG"
"GGCGG"
"TCGAA"
"CCGAG"
"CTTGG"
"GCCAT"
"ACCCC"
"CTTTG"
"GCGGG"
"AACGC"
"GCGCA"
"GACAT"
"CTTGA"
"TTTTA"
"CCGTT"
"AAACT"
"TATTT"
"GAGCT"
"TCCGG"
"GCATT"
"GCTAA"
"ATTTT"
"GCAAG"
"CATGG"
"CCCCT"
"AACCC"
"AGGGA"
"TATGC"
"TGTCT"
"TGTAA"
"TATAA"
"TATGG"
"CTCTT"
"TATTG"
"AAAGG"
"GTTCA"
"AGGAA"
"GCTGA"
"CGGGG"
"GCGCA"
"CTCGG"
"CCTGG"
"TCAAA"
"TCATT"
"TTGTT"
"CAAGA"
"GCGGG"
"CCCAC"
"CCGCC"
"AGGGG"
"AAATT"
"TCGGC"
"GCGTG"
"CATGG"
"GATGG"
"CAAGA"
"TTTTT"
"CTGGG"
"GCACT"
"GATGT"
"GCGCA"
"GACCT"
"GCTGG"
"GGCGC"
"TATAG"
"ACATA"
"GCGCC"
"CCGGG"
"CCCGT"
"CTCAG"
"TACAA"
"ACGTG"
"TATTC"
"GCGTC"
"CGATT"
"TACCT"
"GCGGT"
"AAGCA"
"ACTGG"
"TTGGA"
"AACAT"
"GGAGA"
"CTTGT"
"GTTCC"
"AAAAA"
"ATTCC"
"CACTG"
"GTACC"
"AGCGG"
"CCCGC"
"CCGTG"
"GATAA"
"CTATT"
"TCACC"
"TTTGC"
"CTTCT"
"GGCAG"
"TTCTT"
"TTATG"
"CTGCA"
"TGTCT"
"GGGCA"
"AAAAT"
"GCGCA"
"ACAAT"
"GTCTC"
"GCTCC"
"ACCCT"
"CAGAT"
"ACTAT"
"GTAGG"
"CCCGC"
"AACAG"
"ACCGG"
"GGCTG"
"CTCAA"
"CTATT"
"CCATA"
"GCCCA"
"CTGGA"
"TCTGA"
"ACATC"
"ATCAA"
"ACTAC"
"TTGAT"
"TGTGG"
"GCCGA"
"AACGC"
"CATGC"
"CATCC"
"TATGT"
"TCTGC"
"GGTGC"
"ACATC"
"GGGCC"
"ACACC"
"TGCTT"
"CTCAG"
"ACTCC"
"CCATA"
"GGCTA"
"CACAG"
"GCGGA"
"ATTAA"
"CTCCA"
"GCCTG"
"TCATG"
"AGGTA"
"CACCC"
"TACCT"
"GCTTG"
"AGATG"
"GATCT"
"CTGCC"
"CTCAT"
"TCCGC"
"GAGGA"
"TTGAA"
"TGGAC"
"CAGCG"
"TGTAG"
"CTGCA"
"TGTAT"
"GTGGT"
"CAGGT"
"TATCA"
"CAGAT"
"ATATA"
"CGCGT"
"TTATA"
"TATTG"
"TACAG"
"GCGCC"
"TGCGG"
"AAGCC"
"GGACC"
"AGCCT"
"CTCTC"
"ATCTC"
"CCGCC"
"AAACC"
"CATGG"
"GGCGG"
"TGGTC"
"TCTTA"
"TTGTG"
"AAGTG"
"GCATG"
"CTCGT"
"TGCCT"
"ATTGC"
"CCGTC"
"GACTT"
"TTCGT"
"TGCTT"
"GGCGG"
"GAGCC"
"CCGCC"
"ATTTT"
"ATGTC"
"CGGCT"
"CATTG"
"CTGTC"
"AATGA"
"AAGAA"
"CCCAG"
"AAGTA"
"AACGA"
"CTACT"
"CCCTG"
"GGCGG"
"ATGTT"
"AACGG"
"TGGCG"
"GAGAG"
"CCTGG"
"AGGTC"
"TCGTA"
"AAGCA"
"ATTTT"
"CATGC"
"GCATG"
"TGCTG"
"AGAAC"
"CAGGA"
"TTCAC"
"AGCGA"
"ACATT"
"ACGTT"
"CTCAT"
"CTAGA"
"CCGGC"
"CAGAA"
"CATAG"
"GTGTA"
"AAAAG"
"CTCAG"
"CAGAG"
"CACCT"
"AACTC"
"GTGCA"
"CTCAC"
"AGCGT"
"TTGTG"
"AGCCT"
"ATGCT"
"ACATT"
"TAGTC"
"ACATC"
"CTATC"
"AAATA"
"GACGG"
"AGTCG"
"AAGAG"
"TTGTT"
"GCGAG"
"CCCGA"
"ATATT"
"TGGGG"
"CTCCC"
"CGCGC"
"TCTTG"
"CAGAT"
"ATGGT"
"CTCTC"
"GACTC"
"AGCCT"
"TTTGC"
"GTGGT"
"TATAC"
"CGTCC"
"AAAAT"
"CACAT"
"CTCTC"
"AAATG"
"ACGCA"
"TCGCA"
"CATAG"
"TTGAA"
"TGAAG"
"GAACC"
"CAGGT"
"GCGTG"
"CCCAG"
"CTGCC"
"TTAAA"
"ACAAT"
"TGGGA"
"TACTC"
"CTGTA"
"GAGTG"
"ACGGC"
"CATAC"
"GGCGA"
"GACGT"
"AGTTC"
"TGGGA"
"CACTA"
"AATTG"
"CTGCC"
"GGCGA"
"GATTA"
"AGTTG"
"TCTCT"
"ACCAT"
"TTCTA"
"CTGCT"
"ACAGC"
"CCCAC"
"ACTGG"
"TTTAT"
"CCTAA"
"TTCTA"
"TGCGC"
"CAAGG"
"CACCT"
"TAGGA"
"AAGAG"
"GACTC"
"AGTAT"
"GGGTT"
"GACGG"
"GAATT"
"CACAC"
"GACCC"
"TCCTT"
"TAGAC"
"CTGGT"
"CATCC"
"CCTAG"
"GATAA"
"CATCT"
"ACATT"
"GGAAT"
"ATGTG"
"CAGTG"
"AAAAA"
"TCGAT"
"GGGAA"
"AAGGG"
"TAAAC"
"ATTAG"
"ATAAT"
"TTGGC"
"TAAAG"
"CATTT"
"CTTTG"
"GCCGA"
"TGTAG"
"CAGCC"
"CTTAA"
"ATGAG"
"TCAAG"
"GCATT"
"CCATG"
"CTGTA"
"ACCGC"
"GACTG"
"ATACT"
"AGTCT"
"CAGGG"
"TTGCC"
"GTGTG"
"TCTTG"
"ACTGG"
"CCCGC"
"AACTG"
"AGACT"
"TTCTT"
"ATCCT"
"GCATT"
"CTTCA"
"TTCGG"
"CTAGA"
"ACGGG"
"CCGGA"
"ACCAA"
"GCGAT"
"TAATA"
"ATGTG"
"TAGCT"
"AGTAG"
"GGGGA"
"CTTAG"
"TTGCC"
"TCCGA"
"GACGC"
"TTACT"
"AATAC"
"TTCAC"
"GATTG"
"CCGGG"
"CATTC"
"AGTTG"
"CCGTA"
"CCTGC"
"CCAGC"
"GCGGT"
"TGAGG"
"TGGTT"
"TCTGT"
"CACGC"
"GGGCC"
"ACCGC"
"TCATT"
"CCATG"
"GTACT"
"CCTTC"
"CCACC"
"CAAGT"
"CCTGA"
"GCGTG"
"CCGCC"
"GATTT"
"TCGTG"
"AGACT"
"GAGAG"
"CCCAA"
"CACCA"
"GGCCT"
"GGGTT"
"CCTCC"
"CTGAA"
"CATGC"
"ATCAG"
"CTGGG"
"GCTAC"
"GACCC"
"GCGCG"
"ACGTG"
"ACTGC"
"TATGT"
"TCGGT"
"ACGGA"
"ATATT"
"TCGAC"
"GCATG"
"TGTCA"
"CCATT"
"GTCGA"
"ACAGT"
"CCACC"
"ACGGG"
"GGCTT"
"CCCAT"
"GTGTC"
"ATTAT"
"ACGGG"
"GAATA"
"GCAAT"
"GGACG"
"TTTGT"
"TATGA"
"CCATG"
"GTTAG"
"TGCAT"
"AAAGA"
"TCCGA"
"ACTTC"
"GAAAA"
"TACAG"
"CTCGC"
"ACTGT"
"GGCGG"
"TTGTC"
"ATCCC"
"TTTTG"
"AACTT"
"GGTGG"
"TCATC"
"CTACA"
"TAGTC"
"TCATG"
"CCGAA"
"TGGAA"
"CCAGT"
"GTGAG"
"GCCCT"
"ACCAC"
"TGGTG"
"CCCCC"
"CAGCA"
"TTGTC"
"CTGGG"
"GTAAT"
"ACCTG"
"CCCAA"
"ACATC"
"GTGGG"
"AGCGG"
"GACGC"
"CGGTA"
"CAGGA"
"ACATT"
"ATGAC"
"CCAGA"
"CCACA"
"CCTGG"
"AATTT"
"TATGG"
"GACGC"
"CCGTT"
"GTCTC"
"TAATG"
"AACAT"
"GCACG"
"CTGGG"
"CCCTT"
"GCTGT"
"ACGAA"
"GAGGT"
"GGGCG"
"AGCGT"
"GACTG"
"CAGAA"
"GACGT"
"TATGC"
"AGGAA"
"AAAAG"
"GTTGG"
"TAGTT"
"TGCAA"
"AGGTC"
"TCATT"
"GCGGC"
"TTGAA"
"CTATG"
"GGCGT"
"CACGT"
"CATCC"
"CCCGG"
"AAGTT"
"CATTG"
"GCACT"
"ATCGA"
"CCCGA"
"TCTCT"
"CCATG"
"AACCC"
"TAGTT"
"CACTT"
"ACGGA"
"TCGGA"
"GATTC"
"TCGCT"
"TTTGC"
"ATTCC"
"GCGTT"
"ACCGC"
"GCAGC"
"TCATG"
"CTCAC"
"CATGC"
"GGCTG"
"GACAG"
"CTCAA"
"AAGGA"
"CAGTG"
"TCCCA"
"CCTGC"
"TCGGG"
"ATCCT"
"GCGCG"
"AAAGA"
"GGTAG"
"GGGGG"
"ATATA"
"CCCAT"
"GAACA"
"AAAAA"
"AGATT"
"TCTGT"
"AGCGC"
"ACTCT"
"GGCTC"
"CTTTT"
"ATATT"
"CATGC"
"TGCCT"
"CCCAG"
"ATGTA"
"GAGGG"
"GCGAA"
"CACAC"
"GGAGT"
"TCTTC"
"TAAAA"
"GCGGG"
"GCACC"
"ACTCT"
"GAGGC"
"CCTAA"
"ACACA"
"GTAAA"
"CGCAG"
"TACAG"
"TTTAA"
"ATGGT"
"CGGCC"
"TGCTG"
"AGCTT"
"GACTG"
"GGTTA"
"TTCAA"
"AGTGC"
"ACCAA"
"GCATA"
"CACGC"
"ACATT"
"CACAG"
"TTGGT"
"CCGTG"
"TGTTA"
"ACAGC"
"CAACT"
"GACGG"
"ATCTT"
"GGTTT"
"GCAAT"
"CCATT"
"TTCAG"
"GTGAT"
"CTACC"
"CGCTT"
"GCCTC"
"GAGAC"
"ACTGC"
"AATAA"
"TTTCA"
"TTTTT"
"CCAAA"
"AACCT"
"ACACA"
"ACTCC"
"CCCGT"
"CCTCA"
"CCCAT"
"CAAAC"
"TGTCT"
"AAGCT"
"GGAGA"
"AAGTC"
"CCCCC"
"GCCGG"
"ACGTG"
"AACCT"
"CTGGC"
"CTATT"
"GTAAG"
"GCCAT"
"ACTGG"
"CCCTT"
"TTTTT"
"GTGAG"
"TCACG"
"GATTC"
"GTAGG"
"AAGGG"
"TACTG"
"TCTGT"
"GATTA"
"CCGTT"
"CCCAA"
"GGGGG"
"AATAA"
"GGGCT"
"CCATC"
"CAGGC"
"TCGGC"
"GTTTC"
"CCAGT"
"CAAGG"
"CCCGA"
"GCGGG"
"CCCGG"
"AACAC"
"CTAGG"
"AGAGG"
"CAGTC"
"ACCTG"
"CACGA"
"CCATG"
"TTGTA"
"ATGTA"
"AGGGC"
"ATCAC"
"TTGCA"
"TCAAA"
"GGTTT"
"TCTTC"
"GGCAC"
"CAAAA"
"TGTAT"
"CCGTT"
"AACAG"
"TTAAA"
"TTCCT"
"GCCGT"
"CAAAG"
"GATGC"
"AGTCA"
"CAGGC"
"AGTGA"
"CTTAT"
"AAAGG"
"AGAGA"
"TCCGT"
"GCAAC"
"GAAAT"
"GAGTG"
"CCTGG"
"CAACT"
"TCGGC"
"AGGGG"
"GCAAG"
"AGCGG"
"CCGCC"
"TACAT"
"GCATG"
"AGCGC"
"GCCAC"
"CCTGG"
"GTGGG"
"GAGAA"
"GCTAC"
"TCCTT"
"TGCGT"
"AGTGT"
"CACTC"
"AAATT"
"GATGG"
"GTACT"
"CAGAC"
"ACTGT"
"TTGTA"
"GAATG"
"GAGGT"
"TAATA"
"AGCGG"
"GAAAA"
"TATTG"
"CGACG"
"AGGGG"
"ACGCA"
"CGCAG"
"AGCTG"
"CAGTC"
"ACATA"
"TATAG"
"TTGAA"
"GCGCG"
"CCCCT"
"TGCAG"
"AAATG"
"TATGG"
"ATCCT"
"TCCGC"
"TGTCA"
"TGGCA"
"CATGC"
"AGCCT"
"GAAGG"
"ATGCT"
"ATCAA"
"GACTA"
"GATGG"
"GCCGG"
"TTTAT"
"AGAAA"
"CTTGA"
"CACGC"
"TCTTA"
"CGCCA"
"CCAGG"
"CTCAC"
"AGCGC"
"AATAG"
"ACGGG"
"GTCTT"
"CCGGC"
"ATATT"
"TGCCA"
"CCACC"
"ACTAG"
"GAAGC"
"AGGTT"
"AGAAT"
"ATTTT"
"GCTCA"
"CAATG"
"GCCAG"
"AGCCT"
"ACGTG"
"GTCCC"
"GTAGC"
"CCATT"
"TAGGC"
"CACTG"
"TGTGG"
"CCCGA"
"CATTG"
"TAGAT"
"TCGGC"
"CTGGG"
"CCGGG"
"TAGAA"
"CAAAG"
"TGTGT"
"CACAG"
"CCATT"
"AGAGT"
"TCCTC"
"TGCTG"
"GTTTG"
"CCGTG"
"ACAGT"
"CGGCA"
"CCAGT"
"AAATA"
"AATAA"
"TACGG"
"AAATG"
"ATCTT"
"CTGGG"
"GCTGC"
"CACGC"
"TGTCA"
"AGCTT"
"CCGCA"
"TCCGG"
"GACTT"
"ACTGG"
"GCTTA"
"GACAG"
"GCTCT"
"ATGAG"
"TGGGA"
"GAATG"
"GAAAT"
"CTTAT"
"GGAGC"
"CCGCC"
"AATCC"
"CCCCC"
"CAGTA"
"TTCTG"
"TCGCC"
"TTCTG"
"TCGCA"
"CAGTG"
"TACCA"
"TTCCT"
"CTTGG"
"TTGTT"
"AGTCT"
"TTGGT"
"CTCCA"
"ACACA"
"CATCC"
"GCGAG"
"TGCGC"
"AGTCT"
"AAATT"
"CTCGG"
"ACGCC"
"CCCAT"
"GGAGT"
"CCGCC"
"GGGAA"
"CTCTC"
"TTAAA"
"CGGTC"
"CAGTG"
"AGCGG"
"GCGGT"
"TGCGG"
"GGCGA"
"TTTGT"
"CTAAG"
"AAGTG"
"CTCTA"
"AATTA"
"GGTGC"
"GTCAA"
"TGAAG"
"ACTAT"
"CCAGC"
"ACGTG"
"ACACG"
"TCGTG"
"TACCT"
"TATAA"
"TATTA"
"TGTTT"
"CCCTC"
"GCGCT"
"TCAGC"
"CAAGC"
"GAGGC"
"CTGTT"
"CAGTA"
"TCGTC"
"CTGGG"
"TATCT"
"TCTCA"
"CCGAC"
"TGAGG"
"ATCGG"
"ACCGG"
"CAACT"
"GACGT"
"CCGGA"
"GCCTC"
"TCTTG"
"TTTTA"
"ATTTC"
"CACTA"
"TGCGT"
"TTCTA"
"CACAA"
"GTTTT"
"TGGTG"
"ATAGG"
"ATTTT"
"AGAAA"
"CTATG"
"AAAAC"
"TATAG"
"AGCAG"
"TTTGT"
"TCACA"
"TATAA"
"TTCTG"
"TAGAG"
"TTATT"
"AACTT"
"GTGGA"
"CCGCC"
"TGGAC"
"AGAGT"
"GAAAC"
"TTTCG"
"TGGTC"
"ACTTG"
"ACTTA"
"ATCGT"
"TACCT"
"CAATA"
"AAGAC"
"TCCTC"
"CATGG"
"TCCCA"
"GGGAG"
"AAGGC"
"AAAAA"
"TTGAA"
"CTAGA"
"TTGCA"
"ACAGG"
"CAAGC"
"TCCTC"
"ACAAC"
"CCCGC"
"CAATA"
"GGACT"
"ACTGC"
"CAGCA"
"CCACT"
"GGGGC"
"CCTGG"
"AATCA"
"TCTAG"
"ACTTT"
"GAAGT"
"AGTAG"
"GAGCT"
"CACTT"
"AGTGT"
"GATTC"
"TGTTT"
"CTATT"
"TTGGG"
"GTGTA"
"TGGCA"
"GCCGA"
"CTAGT"
"TTATT"
"GAGCG"
"AATAA"
"TAACC"
"GACGA"
"CCCCA"
"GAACA"
"AAAAA"
"ACGCT"
"AGCGT"
"ATGTA"
"TAACA"
"TCGGT"
"CCGCC"
"CTGTG"
"CCGCC"
"TACCT"
"CAGTA"
"ACAAG"
"CTCAG"
"ACTTA"
"GAGTA"
"AGATA"
"AATCC"
"AGGCC"
"GCCAG"
"GCATC"
"TCTTT"
"CTGGT"
"ATATA"
"CCTAC"
"ACTTA"
"CCGGG"
"ATCGC"
"GGCGG"
"AGTCA"
"CTGTC"
"CCAAG"
"ACCAC"
"CATTG"
"CCGGG"
"CAATC"
"GTCTG"
"ACCTG"
"CCCAG"
"GAGCG"
"CTTAA"
"CTGGT"
"CAAGG"
"GTAGG"
"ACCAT"
"CACCC"
"TCTAA"
"CCGGC"
"TGATG"
"GTATA"
"CGTCC"
"ACAGA"
"CCAAC"
"GTCGT"
"TCTGT"
"CTCGG"
"CCATC"
"AATGC"
"CCTGG"
"TTTGT"
"CTCGG"
"AACTA"
"GGACA"
"ACCTG"
"AATAG"
"GATAC"
"TGGCA"
"GCAGT"
"TAGTA"
"CACGA"
"GGTTA"
"ATGTT"
"TGCAC"
"TTTAG"
"AGGTA"
"TCGTA"
"TGTTA"
"ATGTT"
"GTGCT"
"GCGCT"
"TAATG"
"CACGC"
"CCGGG"
"GTCCA"
"TGCGG"
"GCGCC"
"CAGTG"
"CCGCC"
"CATGC"
"ATCGC"
"CGGGC"
"ACGCA"
"TATTT"
"TGTAA"
"GTCTT"
"TACCC"
"CTCTG"
"GGTGC"
"AGGTA"
"ACCTT"
"CCGAA"
"GCGTG"
"AGTCT"
"TCATA"
"TAGAG"
"TGCTG"
"ACGTG"
"CCCGG"
"GCCGT"
"TATGG"
"GGCTC"
"TTGGC"
"GGTGA"
"AAAAA"
"TATTG"
"TGGTG"
"CAATC"
"AGTGA"
"CAGTG"
"CCGTA"
"AACAG"
"TATAT"
"TCGAC"
"AACCT"
"GTGTT"
"CCAGC"
"TTAAC"
"TATTG"
"TGCAG"
"TTCTT"
"TTTTA"
"CGGGA"
"AGCAG"
"CAATC"
"GGCGT"
"CAGGC"
"GGGCG"
"CACAC"
"TCCGC"
"GGCCA"
"ATAAA"
"AATTC"
"CTTAC"
"ACTGT"
"CAACA"
"GTCCT"
"TGTGG"
"CACCT"
"GTCAT"
"CCGGG"
"TATGG"
"AGATG"
"TACTA"
"CAACC"
"TGCGG"
"GCGGT"
"TATGG"
"CACAC"
"ATATC"
"CTGCA"
"CCTGT"
"TGTAG"
"AAGTG"
"TGGAT"
"CCAGG"
"AGCTG"
"CACCA"
"TCTTG"
"GACAG"
"GAATT"
"AAGGG"
"TTGCC"
"AGCGA"
"GAGAG"
"TGGGC"
"ACCAA"
"CTGAA"
"GCGGG"
"TTATT"
"CGGGG"
"TAGAC"
"CCTTA"
"TTTGG"
"CCAAT"
"GCCGG"
"TTTTG"
"CTGGG"
"TGTAG"
"TTGAA"
"TTCAC"
"CCGTG"
"GCGGG"
"ATTTG"
"ATATG"
"GGGGT"
"TGACT"
"TTCGA"
"GATTG"
"GGTCA"
"GCCAT"
"GGGCC"
"GGACA"
"CCGCC"
"TTACT"
"TTGCA"
"ACGGC"
"CCCGG"
"CTGGG"
"CAACA"
"GGGAG"
"CTGCG"
"GCGTA"
"GGTAG"
"ACGGA"
"AACGA"
"AAGCA"
"TTTAA"
"ACCCT"
"TCTCG"
"CTGTC"
"GGGCG"
"GCATT"
"CCATG"
"CGATC"
"GTGTA"
"ACAAC"
"GAGAG"
"CATGA"
"CCGCA"
"CTCTT"
"AACGC"
"GCTCA"
"ACGGT"
"GGAGA"
"TATGT"
"TGCCA"
"CTCCT"
"TTGTT"
"TCAAG"
"GAGTC"
"AAAAA"
"GGCCT"
"TTCGG"
"AATGA"
"CTGCT"
"GGGTT"
"TTCCA"
"TCAGT"
"ACGAA"
"GCGCA"
"GCTAG"
"TCGGA"
"ACCGG"
"CATGG"
"AATTC"
"ACCCA"
"AACAG"
"TCCGG"
"ACGGT"
"TGCCC"
"AGGTA"
"CCATG"
"GCCTC"
"GCCTG"
"CAGTG"
"CAACA"
"ATGAA"
"TGGTG"
"CCCCA"
"AGGAT"
"TTAGG"
"GTGGC"
"CAGTG"
"TTCTA"
"GAACC"
"ACGGG"
"ACCTC"
"CCAAA"
"GGTGT"
"CCGCT"
"TATAT"
"CTCGG"
"CGCAG"
"GGTCT"
"TAACG"
"ATTTT"
"TACAG"
"GCGTG"
"GGATT"
"AGTGT"
"CCGAG"
"ACCAG"
"AAACC"
"TAATA"
"GACGG"
"TTAAA"
"TTGGA"
"CTGAC"
"AATCT"
"CATTG"
"AGGCA"
"TCGTG"
"TGTTG"
"AAGAA"
"CGTGG"
"AGCGC"
"ACTGC"
"GAAAC"
"CTGGT"
"ACCGG"
"TTTGG"
"GCCGG"
"GCGAC"
"TTTAA"
"CAATA"
"CTGCC"
"CCGTG"
"CAGAT"
"GCGCC"
"AACGC"
"GAGGA"
"ACAAG"
"TCACC"
"TGAGC"
"TTGTT"
"TCCCT"
"TATGT"
"TATGC"
"ACCGT"
"GCTAT"
"GCGAG"
"TCCAT"
"CCCGA"
"CCCGG"
"AACGG"
"AGATA"
"ACCAA"
"GGCGC"
"GACGC"
"CAGTT"
"AGCGC"
"GAGTT"
"ACAAT"
"TCGGG"
"CCCCC"
"ACGGC"
"AAGCA"
"TGGTA"
"AGAAT"
"CTATT"
"TGGCT"
"GCTCC"
"AAAAC"
"CCGGG"
"TCAGA"
"CTACC"
"ACCCA"
"GCTTC"
"GGGGT"
"GACGC"
"CCGGG"
"TAGTG"
"CCGTG"
"CCGGG"
"CTGCC"
"ACATG"
"GCCAC"
"AAGAA"
"TAGCC"
"TCTGT"
"GCTCC"
"GGAAA"
"GGGAT"
"CACAG"
"TTGTG"
"ATTAT"
"ATAGC"
"ACACA"
"GCGGC"
"TATGG"
"CTGGC"
"ACTTC"
"TGGAA"
"TTCCC"
"CCGCC"
"CAGCC"
"GCCCA"
"AGCGG"
"GCTGG"
"CCGGT"
"AACGG"
"CCGTC"
"TGCCG"
"TTCCT"
"CATTT"
"GGGGC"
"AAGAA"
"AAAAA"
"CTCTT"
"TGGGC"
"AGTGC"
"AAACT"
"AAGGG"
"GACCC"
"CCGAG"
"AACGG"
"CGCGG"
"TTGAT"
"TCATA"
"CCACA"
"CATGG"
"ATGTG"
"TTGCC"
"TCAAG"
"GCGTG"
"CCGTT"
"ATCGG"
"TTATT"
"GTGTG"
"GTTCA"
"CCGGG"
"CATAT"
"AACCC"
"TTTCC"
"CTGTT"
"AATGC"
"TTTAT"
"ATTAG"
"TGCAA"
"TCAGC"
"GGAGC"
"TATAA"
"TCCGT"
"CTCCT"
"GAACC"
"GACAT"
"TCCGC"
"ACCTT"
"GAGGA"
"TGTAT"
"TCACT"
"ACATA"
"TGTAT"
"CACGA"
"AGCGC"
"AGATG"
"TGGGC"
"CCTTC"
"AGGCT"
"GAATG"
"AAGGT"
"CCTGA"
"ACAGC"
"ACTGC"
"CTCTG"
"GGATG"
"AGACC"
"TCGGC"
"TGAGA"
"TAATA"
"GTAAT"
"ATCAT"
"TCAGC"
"TATAA"
"GCTCT"
"TGCTG"
"GATCA"
"GTGCA"
"GCTAT"
"GATGC"
"CCGGG"
"AATGC"
"CCATG"
"CAGCC"
"CCGCC"
"ACCGT"
"AGCAG"
"CTACT"
"ACAGT"
"CCCGT"
"CGCCC"
"CTGTA"
"TCGTC"
"AACGC"
"CTATT"
"CTCCC"
"TGGGT"
"GTATT"
"TCTAT"
"CCCAG"
"GCAGG"
"TACGT"
"TTGTC"
"TCAGA"
"AAGAA"
"AATTC"
"ATATC"
"CCCCC"
"CGCGG"
"GTGAT"
"CCGCA"
"AGGAG"
"AACTG"
"CCAAA"
"TTCAG"
"GGCGA"
"GCCTC"
"CCCAT"
"TCATG"
"CTATT"
"CATTG"
"GCGGT"
"GGGAA"
"CCTGG"
"TTGTT"
"TTCAG"
"CTATA"
"GCACT"
"CAATT"
"TACTA"
"GACCA"
"TGCGT"
"CTCGT"
"CCTTT"
"AGAAG"
"CAAAT"
"CCACT"
"TAAGG"
"ACGGG"
"CCGCT"
"GAAAT"
"AGAGA"
"GGAGC"
"CTCGG"
"TACGG"
"TGAGT"
"CCAGT"
"GCGTG"
"TGGTG"
"GAGGT"
"GTGGG"
"AACAC"
"ATAAA"
"TAAGC"
"TTATA"
"AGCGT"
"AACGC"
"TAGGA"
"AAGTT"
"GATTG"
"CCAGG"
"GCACG"
"CCAGA"
"TGGAA"
"TCCGA"
"CGCTT"
"GGTGG"
"ACGTC"
"CAGTC"
"ATGAG"
"GCGAT"
"CAGTG"
"GGTGT"
"CCCGA"
"TCGTC"
"GCGCG"
"TGCCT"
"GGACC"
"AACCA"
"CCATT"
"GACTA"
"AGACT"
"TTAAA"
"CGTCC"
"GCATG"
"ATGTG"
"CACGG"
"ACGAC"
"CATGT"
"AATAA"
"CCCTT"
"ACTTG"
"TCCTT"
"GCCGG"
"AACGG"
"CACTT"
"ACCTC"
"CTAGC"
"CACGA"
"AAATC"
"TTATT"
"AATGT"
"GCTCC"
"CTGAA"
"ACGCC"
"AGTGC"
"TCACT"
"CTCCA"
"TTTGT"
"GCCTG"
"ATGTG"
"ACATC"
"CCGTT"
"CCGTC"
"CCCCT"
"ACCAT"
"CTATA"
"TTGCA"
"GTTAT"
"CCCAA"
"GCTGA"
"TACAG"
"TGTGG"
"TGTCT"
"TCCCA"
"CCATG"
"AAGCT"
"CTCGC"
"TCGCG"
"GGCTC"
"CCAGC"
"GGTTG"
"AGGCT"
"AAGAA"
"CCGCC"
"GCTGG"
"GCCGC"
"TGCGG"
"CCGGG"
"CTCCA"
"CTCTT"
"CTATC"
"CCTGC"
"GAGAC"
"CAGGA"
"TCTCG"
"TAGTC"
"CACCC"
"TGCAG"
"TTCTG"
"TTTTA"
"CCGCC"
"TCTGT"
"CTTGC"
"TGGGC"
"TCGCC"
"ACGCT"
"ATCGT"
"GCGCT"
"TGACA"
"TGTAT"
"CACGG"
"TTATT"
"GCCCC"
"GACTG"
"CCGGA"
"GGCAA"
"CGTCT"
"CAAAA"
"TCGAT"
"GACCT"
"CCGCC"
"CAACA"
"CCTGC"
"AAATC"
"CTCAC"
"ACCGC"
"CTCGA"
"CTTGT"
"AGGAA"
"AACTG"
"ACCGT"
"TGGGA"
"AATTT"
"GCCGG"
"TATTG"
"AGGAT"
"ATAAG"
"TATGT"
"AGATG"
"ATATA"
"CCAGC"
"CCATC"
"GTATG"
"CCTCT"
"CAGGC"
"AACAA"
"CTCGT"
"TGCAG"
"AACGC"
"AGGCA"
"TTTAA"
"CACCT"
"TGGCA"
"AGTAT"
"ACCTG"
"TCCAA"
"AGGGA"
"GCTTG"
"CCGTT"
"GCGAA"
"GCTCA"
"CTGCC"
"AAAAT"
"CCCGC"
"TCAGA"
"TACAA"
"GGGTT"
"CCCCA"
"GGCGG"
"CGACT"
"TTGAG"
"CACAC"
"TCGGT"
"GATTG"
"TTTTA"
"AAGCA"
"TACAA"
"AACAA"
"CAACG"
"CTCCT"
"CCGCC"
"TCGTT"
"GGTGG"
"CTGGG"
"GATCA"
"CACGG"
"AAACT"
"AGGAA"
"CTTTG"
"CTATG"
"TAGTC"
"TACAA"
"CCGTG"
"GGCAC"
"GGTCC"
"TACAG"
"AAAAA"
"AGTAG"
"TCTGG"
"AGAGG"
"AGCCT"
"CCACG"
"ATATA"
"GCAAT"
"CCCAG"
"TGGTC"
"TCAGC"
"CAACC"
"CCCGG"
"CCTTT"
"GACCC"
"CTAAG"
"CCCTG"
"GCCAA"
"ACCAA"
"TAGAA"
"TCCGA"
"TCCTG"
"AACAC"
"GACAG"
"TCTCC"
"TTAAA"
"AACGC"
"AAATA"
"GACAC"
"TAAGT"
"ACCGC"
"ACCTA"
"CCGCG"
"AGGTA"
"AACAA"
"TCATA"
"GGGGG"
"ATCTC"
"GACGT"
"CCGAG"
"AGGGG"
"GGCGG"
"CCGGG"
"CTCTT"
"ATCCC"
"CCGGA"
"CCCTG"
"AATGA"
"ATAGT"
"CTGGG"
"CACGT"
"GGCAC"
"ATACC"
"CCGTT"
"CCGTA"
"CTCCT"
"TTCTG"
"ACATA"
"CACTG"
"TTAAA"
"TGCGT"
"GCAAT"
"AATTT"
"TACGT"
"GGCAG"
"TTTCT"
"ATAAG"
"TGACT"
"CATAG"
"CCATG"
"CTTAA"
"CTGTC"
"TCAGG"
"AGAGG"
"CATGA"
"CTCAG"
"AGCAA"
"CTACT"
"TTCAG"
"ACTTT"
"TGATT"
"ACGCC"
"TGGAT"
"AGCGG"
"CACGT"
"CCTCT"
"TAATT"
"AAAAA"
"ACCTG"
"AGGAG"
"GCGGA"
"CTGAC"
"GAGCC"
"AGTAG"
"GGCGT"
"TACGT"
"GTAAA"
"CATAC"
"TCATA"
"AATAT"
"CCGGG"
"CCGCC"
"GTACC"
"GTTCT"
"AATGG"
"TATGA"
"TGGGA"
"AGGGG"
"ACCAC"
"GCGAA"
"AATGG"
"CCAGT"
"CCGAA"
"TCGTA"
"CAGAG"
"GCAAA"
"CCGGT"
"CACAA"
"CCTGC"
"ATCGA"
"CCGCT"
"CTGTC"
"ACTGC"
"CAGGC"
"TGTGT"
"ATTGC"
"CAATA"
"GTGTA"
"CCTGG"
"CACTG"
"TTGGA"
"AGGCA"
"AAGAA"
"GCGGC"
"CACGC"
"CAGGA"
"TTGGG"
"GTGGT"
"TCCTA"
"TTTTT"
"TAATT"
"CCACT"
"CCTGT"
"CGTTC"
"ATGTC"
"TATAA"
"GGCTT"
"GGAGT"
"CGGTG"
"ACTAA"
"CTCAG"
"ACTTA"
"TGCCT"
"GAGGG"
"GGCCA"
"TAAAG"
"CTATA"
"TGTGT"
"TACAG"
"CACCT"
"GCCTC"
"CAAAC"
"GGCGC"
"ACCGT"
"CCGCG"
"CGATC"
"ACTTT"
"AGTGA"
"TAATT"
"GAGTA"
"GCCGA"
"CTTTG"
"GAAGA"
"TTTCA"
"GGGTG"
"AAAAC"
"TTACA"
"CAGAA"
"AGCTA"
"AAATA"
"CTGAG"
"AGGAG"
"TCGGC"
"GTAAA"
"TGGAG"
"CCCAC"
"CTGAC"
"TGCGC"
"GGGTA"
"TAGAT"
"TTTTA"
"CCAAA"
"GCTGG"
"TCGTC"
"AACAT"
"GAATG"
"ATGTA"
"ATGTC"
"GGGCC"
"TCAGG"
"CAAGA"
"AAGGG"
"ATCGT"
"AAACG"
"GCAAC"
"CCACC"
"CATCC"
"GACAG"
"GATGT"
"TTATC"
"ACGCA"
"TGTCC"
"TTAAG"
"CAAGA"
"AGTGA"
"GCCGG"
"TGTAC"
"CTAAT"
"AGTTT"
"AGGCA"
"AGCCT"
"CCGCC"
"GAAAA"
"CTTTG"
"CATTC"
"ACGTT"
"CCTGT"
"GCTGG"
"AGCGC"
"CCTAT"
"AGACA"
"CTTTT"
"ATCCG"
"GGCGT"
"ACGTG"
"GTGTT"
"CTAAC"
"CTACA"
"TAAGT"
"ATTGT"
"ACCAG"
"TCCAC"
"GGCGC"
"CTAAA"
"CCCTG"
"GCACT"
"ACGGA"
"AGTGA"
"TTGCC"
"CCCCT"
"ATCAA"
"TGGGT"
"TCGGG"
"ATGAA"
"ATCCC"
"ATTGA"
"GCAGG"
"TTCGG"
"TAAAT"
"CCCTC"
"GCTCC"
"GTCAG"
"GGCAT"
"TCTAT"
"ATACC"
"GCGTG"
"GATAC"
"CCCGA"
"TACAC"
"CCCGT"
"TTGTC"
"ACTGT"
"TAATT"
"TAGCT"
"CACTA"
"TAGAT"
"TGCCA"
"ACGCA"
"AGAAC"
"CATAT"
"GCAGG"
"GGCGG"
"CTCGC"
"TTCGA"
"GAACT"
"CCATG"
"CCGTC"
"TGATT"
"CAGCA"
"ACCAT"
"CCGGC"
"ATGGG"
"CCCTT"
"TACGG"
"AGCAA"
"AAAAA"
"CCCGG"
"ACTGT"
"GATGT"
"CTCCA"
"GGTGG"
"AGGGC"
"CCGTG"
"CTCGC"
"TCTGG"
"TCTGG"
"CTCAG"
"GGCTT"
"GCAAG"
"GGCGG"
"CCTGA"
"GCACC"
"TGGCT"
"AGTTG"
"GACAC"
"CCGAG"
"AACAT"
"TACGC"
"GCTTC"
"GATGC"
"GTGGG"
"ACAGG"
"ATGCT"
"GAGGA"
"CATTT"
"GCGAG"
"AGGTG"
"CACTC"
"GATCT"
"CAGAT"
"AATTA"
"TACTT"
"AGATA"
"GGTGG"
"CTGCA"
"AAGCC"
"ATACC"
"GCTGC"
"ATCTT"
"GAGTG"
"GTGTT"
"AAAAA"
"GTCTC"
"AAGAT"
"ATAGT"
"CCGCC"
"GACGG"
"GACAA"
"ACAGC"
"TTTTG"
"GCCCT"
"GTAAG"
"TGCAC"
"TCGCT"
"ACACA"
"GTTTT"
"GTAGG"
"CTCAT"
"GTGCA"
"GTATA"
"CTTAC"
"GTGCA"
"AAGAA"
"TTCAT"
"CCCGG"
"CCGTC"
"GGATT"
"AGCCA"
"AGGAT"
"CACGC"
"CCCAT"
"TTGTT"
"TCCAT"
"ACTGG"
"ATTAT"
"TCTCA"
"TAGAG"
"GAATT"
"TGGGT"
"ATCGT"
"GAGTC"
"CTATA"
"AAAAA"
"AAAGG"
"CAGGT"
"ATTTT"
"AAAAT"
"GAAAT"
"CCTTC"
"AAAAC"
"ACCCC"
"AATAC"
"TAGTG"
"GGACA"
"GGGCT"
"GATCT"
"GGGAT"
"GAGCA"
"GACTC"
"CAATT"
"ATGTA"
"CCGCC"
"CCTCC"
"CCTTT"
"GATCA"
"CCATT"
"TGCTG"
"GCTGG"
"AGCAT"
"CATGG"
"CGCGG"
"TTGTA"
"GAGCT"
"ACGGT"
"GGCGT"
"TCCGC"
"GGTGG"
"ACTCA"
"CACGC"
"AACCC"
"GGCTT"
"CAGGC"
"GTCAG"
"TCCGC"
"CTCGA"
"ATCCT"
"GGGAG"
"CCCAC"
"GTTCT"
"CCCGC"
"GCCCC"
"TCCTC"
"GTGTA"
"CTTTA"
"TTAAC"
"CCGGC"
"ATTCG"
"ATCAT"
"ACTTT"
"TGTCA"
"GCGTG"
"CAGAT"
"GGGGC"
"TACGC"
"TCGGT"
"CACAA"
"AGTGG"
"CTGTG"
"CCCAT"
"AATAA"
"GGAAA"
"TGGGT"
"TCAAC"
"AAACC"
"GGGAC"
"ATGTA"
"TCGCA"
"CCCGC"
"AAAAA"
"TGTAA"
"TCTCC"
"CTCCT"
"TTCCC"
"CCGGG"
"TGCAT"
"CCCGT"
"CTGAG"
"GTGCT"
"TGTGT"
"GCTGT"
"CACGT"
"AACGC"
"ACATG"
"ATCAG"
"CATGG"
"GAGAG"
"GTAGG"
"CCGTG"
"AGGCC"
"GCGGC"
"CCCGC"
"CACAG"
"GGTTA"
"AGGAG"
"GCGGC"
"CTCTT"
"TGTGG"
"TGTTC"
"CAACA"
"GCCTC"
"CCCAC"
"CCGAA"
"AATTG"
"GAGTC"
"GTGCC"
"GCACA"
"TGGTA"
"CTGGG"
"TGATC"
"GTAGC"
"CATTG"
"GGGGG"
"GCTAG"
"TCGAT"
"TTGCC"
"TCGAC"
"GCATG"
"TAGGA"
"GCCAG"
"CAACC"
"CCGGC"
"CAATG"
"TTAGG"
"GCGAG"
"ACACA"
"TACTT"
"AGAAA"
"ATTGA"
"GTCAG"
"GCGCG"
"ATGAG"
"CCGCA"
"GTCTC"
"TTTCT"
"CACCT"
"GGCTA"
"AGCCT"
"CCGAT"
"CCCGG"
"TTCTT"
"TGCGG"
"GTAGT"
"CTGCT"
"GCCGC"
"TGTCC"
"GGCAG"
"ACGCC"
"ACGGG"
"AACAA"
"TCTTG"
"CATGA"
"CCGTG"
"CGCGG"
"CAGGG"
"CACGG"
"GCACC"
"CACGG"
"AGGCG"
"ATTAA"
"ACGCA"
"TAATG"
"AGCTG"
"CGTTT"
"AGGAG"
"ATAAG"
"ACCTG"
"CGGCC"
"TAGCT"
"ATGCC"
"CCGGG"
"GTGAG"
"GGTGG"
"ATACT"
"CACGG"
"GGGTA"
"GCGAC"
"AAGTG"
"TAGGT"
"AGTAT"
"ACGCT"
"GTGCA"
"CAGAT"
"GCACC"
"TCACA"
"TCGTT"
"TCCTC"
"TCGAG"
"TGCAG"
"GATTG"
"GCAGC"
"CCCGC"
"ATTTA"
"GGAGA"
"AGGTG"
"CTAAA"
"TTCAC"
"TGCAC"
"CGCCC"
"CCGAG"
"GAGTA"
"TCGTC"
"GTCCC"
"GTAAC"
"GGCCC"
"CTGAG"
"GGGTG"
"CAAAG"
"GGCGC"
"TTTCA"
"TTTCC"
"CAGGC"
"AGCCT"
"AGTAG"
"TCGTA"
"AAAAA"
"GACGA"
"GGTAG"
"GGCGC"
"AACGC"
"AAGAG"
"TACCC"
"ATGTA"
"CCCCT"
"TTTCT"
"GCCCA"
"CCGGC"
"AGCCA"
"GGGGG"
"GTTAG"
"CAAGA"
"CTGCA"
"AATTC"
"AGCCC"
"GGGAA"
"CTGCT"
"CACTC"
"TGCAC"
"TGGGA"
"CCTCC"
"ACGGG"
"TAGTC"
"TCGCA"
"TGCGC"
"GATGA"
"CACGT"
"ATCAG"
"TGTTG"
"ATCTT"
"GCGGG"
"AGCAA"
"AGCGA"
"GAGGG"
"CGAGG"
"CAGAG"
"GGGCT"
"GCAGG"
"CGGCT"
"TATAC"
"AACAA"
"TACGC"
"AGCTT"
"AATAA"
"TGGCT"
"GCCCT"
"TACGT"
"TCACA"
"GCGAC"
"ACGAT"
"AAATA"
"TCCAG"
"TGTGA"
"TCGCC"
"TCGGG"
"CATCT"
"ATTTT"
"GGCTT"
"CTCGT"
"GCGGC"
"CATCG"
"ACAGG"
"CCGGG"
"GCCTC"
"TTTTG"
"CAGCT"
"TAAAT"
"TAACT"
"GAGGC"
"ACCAG"
"GCGAG"
"CCTGG"
"CCAGC"
"GCCGC"
"ATCCA"
"GGGTT"
"CCCGA"
"CTCGC"
"CTGTT"
"ACATC"
"CCGTA"
"ACAAA"
"TGGGT"
"GCGTG"
"CCTGC"
"CCACA"
"CAGGC"
"AAGAT"
"GTGTT"
"TGCTC"
"AAAAA"
"AGGCT"
"CCTTC"
"GCACT"
"GAGGT"
"GTACA"
"GCAGC"
"ACGTC"
"ATTAG"
"TTCTT"
"CATGG"
"GCGAT"
"CTAAT"
"CCCGG"
"CCAAA"
"CTTCT"
"CCGGG"
"TGTGG"
"CCAAT"
"GCGGG"
"TGTGT"
"TACAG"
"CCAAG"
"GCGCA"
"TGTCA"
"TAGGG"
"AGGTG"
"ACTTG"
"AAGAT"
"GCGGG"
"CAACA"
"CAGAG"
"AACGC"
"ATTTA"
"GCCGG"
"TATAA"
"AATTT"
"ACGGA"
"TCAAG"
"AGGCA"
"GGCGG"
"AATAG"
"GCAGT"
"GACAT"
"CAATT"
"GGAGA"
"CCCTG"
"CAGTC"
"AACAT"
"CCCGG"
"GACGC"
"AGATT"
"GAACC"
"GAGAA"
"AGGGA"
"ACACT"
"AGCTG"
"CTGCG"
"AAATA"
"TTGCT"
"AGTCC"
"GGCGG"
"CCGTG"
"GGGTG"
"CCAGG"
"CTGTA"
"ATTAA"
"ACAAA"
"TGATC"
"TGACC"
"ACGCC"
"ACCGT"
"GATGA"
"CGGCA"
"AGCGA"
"TGCTT"
"AACAG"
"CCGGT"
"ATTTG"
"AGCCC"
"GTTTT"
"GGTGT"
"CCGCT"
"CCCCC"
"AGTTT"
"CCGAA"
"AGGCC"
"TAAAC"
"CATGT"
"GAGTG"
"GGTGT"
"TATAT"
"CCAGT"
"AACGT"
"AAAAG"
"AGCGT"
"GGCGG"
"CCCGC"
"GAGTA"
"CAGTA"
"GCGGG"
"AACCT"
"AACAC"
"CTGGG"
"CCGCG"
"GGGAC"
"CATCT"
"GGCGG"
"TGAGA"
"TTCTT"
"GTGTC"
"TCCAC"
"ACTTC"
"GCTGG"
"ACCCC"
"TAAGC"
"GGACC"
"TTGGG"
"AAGCC"
"GTGAG"
"TGCTG"
"TGTGT"
"TTCTG"
"GACCC"
"GGGCC"
"TACAG"
"GTAGC"
"GCCCT"
"AACTG"
"TCAGG"
"TTCTC"
"TCGGG"
"CCCCT"
"ACAAG"
"CACGA"
"CCTGG"
"GCGTC"
"GCGTG"
"TATAT"
"GGCAG"
"GATGG"
"GCCTG"
"CACGA"
"ACGTG"
"CCGGC"
"TGTGG"
"GAATC"
"GGAGT"
"ACATG"
"ACGGG"
"TGGGA"
"CAGAA"
"ATGAC"
"ACAGC"
"CCAAG"
"TTCCT"
"GCGTT"
"TACAG"
"CCGGT"
"TTGTC"
"GGCGA"
"ACGTG"
"AGCGA"
"AAGGT"
"TTCCC"
"ACCTG"
"ATGGT"
"CCCGC"
"GTGTG"
"TGTCT"
"CACCC"
"AAGAC"
"ATTGG"
"GAAGT"
"TCATG"
"CAACA"
"CAGCT"
"TGGCT"
"ATGCC"
"CCGTC"
"CAGCT"
"TGCGT"
"GGGGC"
"CCCGC"
"CCGTC"
"TGCGC"
"TCTAA"
"CGCCA"
"ACCCA"
"CAATG"
"TTATA"
"TGCGC"
"CAGTC"
"TACAA"
"TTATT"
"GGAGT"
"GGCGA"
"GCATG"
"AGTGG"
"GCTCC"
"CCAGA"
"AACCC"
"CTTGG"
"GCAGT"
"AAGAA"
"CTAAA"
"GATGA"
"CATCC"
"GGGGG"
"CTCCC"
"TTCGA"
"GACGT"
"CTGGT"
"GGCCT"
"ACTTC"
"CACTG"
"CTTGT"
"ACATA"
"TCCTG"
"CAAGT"
"CCCTT"
"AACTT"
"CCAAG"
"CAAAA"
"GAACA"
"ATTAA"
"TAACT"
"CCGGC"
"TCACC"
"GGATG"
"AAGTG"
"GTGTT"
"ATGCA"
"GCGTG"
"AGACC"
"CCAGC"
"AGGTG"
"CTATG"
"TTTAG"
"CTTTC"
"AAGTG"
"TTCCT"
"CCCTC"
"CGCGC"
"AGAAT"
"AGCCT"
"TCTGT"
"CCCGA"
"CATGT"
"GTGGG"
"CGTAG"
"ACCCT"
"TCGAG"
"GTATA"
"AGCCC"
"ACCGG"
"ATTTT"
"TACCC"
"TGCCC"
"AGCTG"
"ACTGA"
"ACTAT"
"GCGTG"
"TACTT"
"ACATG"
"GGTAG"
"ACGTG"
"TACGC"
"TATAA"
"TATTT"
"CTCTC"
"TCTTA"
"CCATT"
"ATGTA"
"TTCTC"
"TGAGC"
"GCCTG"
"GCAGG"
"GTCGC"
"GCATA"
"ATGGC"
"TAGTA"
"CCCAC"
"AGTTG"
"CCCAT"
"CGCCT"
"TGATG"
"GCAGT"
"AGCAC"
"GGAGT"
"AATGA"
"AAAAT"
"TGACC"
"CCCGG"
"GGGAG"
"CCGGT"
"TGGCC"
"CCCTG"
"TGCGT"
"TGGGC"
"TTGTA"
"CAGTG"
"AGCCT"
"GCACT"
"AACGA"
"GAAGG"
"CAAAA"
"CTCGC"
"AGTTG"
"GGAGA"
"CGCGG"
"GTGGT"
"AATTG"
"TCTAG"
"GAGGC"
"GCCCC"
"TTGCC"
"TGGAG"
"TGGTT"
"TTTAA"
"CTGCC"
"TGTCT"
"TCTGC"
"CATGA"
"AGGTC"
"CATCT"
"ACATG"
"CATGA"
"CCGTC"
"TCAAG"
"AGGCC"
"CCGAG"
"TCGGC"
"CCCGG"
"GGCGA"
"GAAGA"
"CTCCC"
"TCAAA"
"CAGCT"
"AGAAG"
"TATTT"
"ACCTC"
"AGACT"
"TGACA"
"TTAAA"
"CCAGG"
"CCAAG"
"TCCAT"
"CTAGG"
"TTTTT"
"CCAGT"
"GATGG"
"GGAGC"
"TTATA"
"GCGAG"
"CCTGC"
"CTAGT"
"CCGTG"
"AAAAA"
"CAATG"
"TGCGC"
"AGAGA"
"TAATA"
"GGTGG"
"CAGTG"
"GAACT"
"TCGCG"
"GGCTC"
"GGGAT"
"TACCA"
"CAGGT"
"TGTTG"
"TCCTT"
"CTAGC"
"TTCTC"
"TCGTC"
"CCTTT"
"CATCT"
"ACCGC"
"ACACA"
"TATAC"
"AAGAA"
"AGGAA"
"CCCGG"
"CATGA"
"AACGG"
"CATAG"
"TATGA"
"TTATA"
"CATAG"
"GCTTC"
"GCATG"
"AGATT"
"ACAAA"
"TACAG"
"AGGGC"
"ATTAC"
"AGGCT"
"TTTTA"
"CCCAG"
"GCGTA"
"TTCTT"
"CTGTG"
"CACCT"
"CCCGC"
"GGGGC"
"TGCAA"
"CCCAG"
"TACAG"
"GCTTT"
"TATGT"
"GGCGC"
"GGCGA"
"TATGG"
"TACAG"
"TCGCC"
"GAATA"
"AAACC"
"TCCCT"
"ACGAA"
"GGCCT"
"CATGC"
"GAGCC"
"TCGCT"
"CACGG"
"CTCGG"
"TGGGG"
"CACGT"
"TCATC"
"CTCGA"
"AGCAA"
"CCGAG"
"TAGTA"
"CCAGA"
"CAGCT"
"GCCCA"
"GCGAC"
"GATGC"
"GGGGC"
"GCGCT"
"GAGAC"
"ACGTA"
"TGGCA"
"TCCGG"
"CTCGG"
"CCAGG"
"AAGTG"
"GCCGC"
"TCCCT"
"CCTAG"
"ATTAA"
"TCAGC"
"ATGGA"
"GATGC"
"ATTCT"
"CATCA"
"TGGAT"
"TACAT"
"CCCTG"
"CCGGG"
"GCCGT"
"GTGCT"
"TACAT"
"TTCTG"
"AATTA"
"AGGGC"
"CTGCC"
"CCACT"
"AGTCT"
"CCACA"
"AAATT"
"TAGCT"
"ACGGT"
"GCTTT"
"ACCGC"
"CTATG"
"CAGTC"
"ACATA"
"TATAG"
"AGCGG"
"CAAAA"
"CACCT"
"CCGTT"
"AAATT"
"ACGTA"
"GAAAC"
"TTCTC"
"TTCAA"
"CCCCT"
"GGACT"
"TGTTA"
"CCGCA"
"AACAA"
"AGGAA"
"CCAGC"
"AAGGG"
"AGGCT"
"GCCCA"
"ACGCC"
"CTAGT"
"TCTTC"
"CACAT"
"ATCGG"
"TAGGA"
"GCACC"
"GTCTG"
"TCAGA"
"GTATT"
"ACTTG"
"GGCGC"
"AAGTT"
"CTGCC"
"CACCA"
"GCCGG"
"TCTTT"
"CCCGC"
"AGGAG"
"CCCGG"
"TCGGT"
"CCGTC"
"AAGGA"
"CATCT"
"GCTGC"
"AGGAA"
"CCGGG"
"CACTG"
"AGCGA"
"TTTTA"
"ACCTA"
"TGCCT"
"GATAG"
"ACATG"
"AGGAT"
"TCAAG"
"CCGGC"
"TACGG"
"TCACT"
"CAACT"
"AGTGA"
"CCAGT"
"CTCAG"
"CCGTG"
"CCCGT"
"TTGTT"
"GTTTG"
"GTTCC"
"TCGGC"
"CATAG"
"ACCTG"
"AACTG"
"GTGTA"
"GTACA"
"GTTTT"
"CCCGG"
"TCGTC"
"AGTCC"
"CTGGC"
"CATGG"
"GTGGA"
"TATAA"
"GACAG"
"TGATA"
"AGATT"
"ACGAG"
"GCCGA"
"TTTGG"
"GCAGG"
"CAGCT"
"TAGTC"
"TCTCT"
"ACGCT"
"CACGG"
"AGCGA"
"CAAAT"
"ACACC"
"ATTAA"
"ATGCT"
"TACCA"
"ATGTA"
"TCCTC"
"GATTG"
"ACTAG"
"CCCGT"
"AACAA"
"GGGTG"
"TTTTT"
"CATCC"
"GCGTA"
"TTGGT"
"GGGGA"
"AGCAA"
"TGTTA"
"CTAAA"
"CCTTC"
"TTAAA"
"TTAAT"
"TAGAT"
"ACTGT"
"ACGCC"
"ACTTT"
"AGCGG"
"GGTGG"
"GCGAA"
"TACGT"
"AGATA"
"ATTGT"
"AAATT"
"GTTAA"
"GTTTG"
"GTAAG"
"GTTAA"
"ATTAG"
"GATGT"
"ATTAT"
"GCCGA"
"GTATA"
"CATCC"
"GAATA"
"GCTTC"
"ACGCC"
"GCGCC"
"GTACC"
"TTATA"
"GGCAG"
"TGCTT"
"GAGAG"
"TCTCA"
"ACCGA"
"CCCCA"
"GCGCA"
"AAGGA"
"AAGTA"
"TTCTT"
"AATAT"
"GCTGC"
"AGCAT"
"AAGGC"
"TCATC"
"TTTCC"
"TGTGA"
"CACGC"
"CAATC"
"AAGAA"
"CACAA"
"GCGCG"
"AACTA"
"CATGC"
"CATCC"
"ATATG"
"CAGAG"
"ACGCC"
"AATGC"
"ACTCC"
"GATCA"
"CTGAA"
"ACGGG"
"CCTCG"
"CCGAG"
"AAGTG"
"GCCGT"
"CTGTA"
"GGGGA"
"TGGAG"
"CCAGG"
"ACCAT"
"GCTCC"
"CGGGC"
"GTGTG"
"TTAAA"
"TTTAC"
"CCTCA"
"CAACA"
"TGATG"
"GCGCC"
"ATTTC"
"ACTCC"
"AGGGG"
"GTATG"
"CGCTG"
"AAATC"
"AAAAA"
"CAAAC"
"TCTGT"
"GGGGC"
"TCGCA"
"GGCGC"
"GCGGC"
"GGCCC"
"TCTGC"
"TTGTA"
"AGACA"
"TATTT"
"CAATT"
"CCGTG"
"GAATA"
"AACAA"
"CGCGG"
"ACTGT"
"ACGAT"
"CTGTT"
"TGAAA"
"TGCGG"
"TGAGT"
"TTCAG"
"GGGTA"
"TTGTT"
"GCAGG"
"GCCAT"
"CATGC"
"TTGTA"
"GGATT"
"TGGTA"
"TATAT"
"CCGAG"
"TCAGC"
"AGACT"
"TGGGG"
"CCAGT"
"CGTGA"
"GTAGG"
"GGTCT"
"GACGT"
"TGCGT"
"GCGTG"
"CATGA"
"CACGA"
"TGTGG"
"TCCTG"
"TAGCT"
"CCCAG"
"GCTCG"
"TGACT"
"AACAC"
"GTAAG"
"TTAGC"
"AGTAG"
"AGTCA"
"ACATG"
"TCTGC"
"GGCGG"
"AACTT"
"ACGCT"
"TTAAA"
"CATTG"
"GACAA"
"TTTCC"
"GACAT"
"CCCCT"
"AGAGA"
"GGGGT"
"CCATC"
"GGATC"
"GCATG"
"TTCCT"
"CACCC"
"GGCGG"
"TTGTT"
"ATCGC"
"AAAAA"
"TGACA"
"CCCCT"
"CCCGA"
"CAAGC"
"GTATC"
"ACTAT"
"GGCGA"
"AGACA"
"CTCGG"
"GCCCA"
"CACGA"
"AACAC"
"CCGCC"
"AGTGA"
"TGACC"
"TCATG"
"GATTC"
"GGCAG"
"TTGTT"
"CGTGG"
"TAATA"
"GACAG"
"GGGAA"
"TCTCC"
"AACTC"
"AGCTG"
"TATAT"
"GCGGC"
"CATCT"
"CTGTT"
"CTCCT"
"CAATT"
"CCGCA"
"ATTCA"
"ACGGA"
"AAGCC"
"TTGAT"
"ACGGG"
"AGATT"
"CTTAG"
"GGATT"
"GCGAT"
"CTGAG"
"ATAAT"
"AATGG"
"GGCGC"
"GAGAA"
"AACAT"
"TTCAA"
"AACAA"
"ATGCG"
"AGCTT"
"CCCGG"
"TGAGG"
"CCTTA"
"TCGTG"
"CCCAC"
"GTGCA"
"ATATA"
"GGCGC"
"TACTC"
"TTTGC"
"CTCAA"
"TGACC"
"TCCGT"
"GGTCT"
"CGGTC"
"CACGC"
"AGATC"
"GAGTT"
"ACCGG"
"CACAC"
"AACAA"
"TGTCT"
"CGGGT"
"CCCGC"
"GGTGT"
"GCCGC"
"CATGC"
"AAAAA"
"ATAGG"
"CTTCT"
"GGCGA"
"TAGGC"
"CTCGA"
"ATGTG"
"CCATG"
"TATTA"
"TTTTT"
"CAGCA"
"TTATT"
"CTCGG"
"TACCA"
"TTGGT"
"CTACA"
"GCCTT"
"GCAAG"
"GAACT"
"CCGGC"
"CTGTT"
"TCGCC"
"CAAAC"
"CCGAT"
"CTCAC"
"GTGCT"
"AAGAA"
"TTCTC"
"TAAAA"
"ACAAG"
"GGTTG"
"GCATT"
"CTGGA"
"TATAG"
"TCCGC"
"CCCGG"
"AGTGC"
"CTCAT"
"GGCGC"
"TTAGG"
"CTCGA"
"GCATT"
"CTGCC"
"CGGTT"
"GGGCC"
"CAGTT"
"TGCCG"
"CATAA"
"GCAAC"
"ATTGG"
"TACGT"
"CCGGA"
"GGGTT"
"ACCCA"
"GATGG"
"CTATT"
"ACCCC"
"GCGTG"
"CTGGG"
"ACTAT"
"TAGGC"
"CTTCC"
"CAGCT"
"TGTCC"
"ACCTT"
"CACAG"
"TTCTG"
"AGGTG"
"TCGGG"
"CCGGG"
"CAGGG"
"TTAGG"
"CTCGT"
"TGCGC"
"TACGT"
"TAAAG"
"TCTCT"
"CCGCC"
"AGCCT"
"TTAAT"
"CCCTG"
"GTGGC"
"GCGCC"
"GAACA"
"CCATG"
"CCCCA"
"AGGGC"
"GAGTT"
"CTCTG"
"GCACG"
"ACATA"
"ACACA"
"CTAAG"
"TATAC"
"TGGTT"
"TCGTG"
"AACGA"
"CACGC"
"GGCGA"
"TATTT"
"CAATA"
"TCCCT"
"TCTGT"
"GCGGG"
"AAGAT"
"CAGGG"
"CACTG"
"GGGAA"
"CCCCC"
"CTAAC"
"CCTGG"
"GGCTG"
"CCTGT"
"ATGTG"
"CTCTG"
"GGATG"
"TGGTA"
"GACGT"
"ACCAG"
"CTAAC"
"TGCGT"
"GCGTC"
"GGGGG"
"CACTA"
"CAAGA"
"AGGAC"
"TCATA"
"AGAGG"
"TCCGA"
"ACAGG"
"GCCGA"
"AGATG"
"GTGTG"
"CTCAA"
"AGTTT"
"AGCCA"
"CTCTT"
"CGCGC"
"ATCCT"
"ACAGC"
"AAAAG"
"GTATG"
"CCCGG"
"CACGC"
"CCCCC"
"TTCCT"
"GGCGG"
"CCCTA"
"CGACA"
"TTTAA"
"AATAT"
"CCCAA"
"CCCTC"
"CAGTG"
"AGCTT"
"ACGGA"
"GAGGT"
"TTATG"
"TCCTT"
"TCTCA"
"CCGCC"
"GTAAA"
"GCACG"
"TCATC"
"TGCGG"
"CCCTG"
"GCTGC"
"GGTCA"
"TGCGT"
"CATAG"
"ATACA"
"CTTGG"
"TCTCA"
"TCCTC"
"AACAC"
"CAAGT"
"TTGTC"
"CGGCC"
"GACGG"
"ACCAT"
"GCGCC"
"GGAAG"
"CAAAG"
"GTTTG"
"AGTCA"
"TCCAA"
"CCAGA"
"GTTGG"
"TAAAT"
"TGTCC"
"TCGTC"
"CCAGA"
"TCGTT"
"CAGCC"
"GATCC"
"GTCCT"
"TCAAA"
"GACAC"
"AAGCC"
"AAGGT"
"GCGCT"
"AGCTC"
"CAGAC"
"CTCGA"
"ATGTG"
"CTCGG"
"AAAAG"
"CCGCA"
"CTGTT"
"AGCCT"
"CAGTT"
"GACCT"
"TTGAG"
"CTATC"
"ATCAG"
"AGGAC"
"TCTGC"
"CTTCC"
"GACCT"
"CCACT"
"CGTGC"
"AGGAG"
"CACGA"
"TATAT"
"CACCC"
"AATTC"
"TCTGT"
"TATAT"
"ACGTT"
"GGCCA"
"CTCTT"
"TGCGG"
"AGCGT"
"ACTGG"
"TTCCT"
"CTAGA"
"CTGTT"
"TGCAA"
"TACCC"
"ACCGT"
"AGCGC"
"TCTCA"
"CTCTA"
"CCGGA"
"ACGAC"
"TCCTG"
"GTGTT"
"TCGCA"
"ATATC"
"TGTTG"
"GGGTC"
"AAATT"
"AATGG"
"AATCA"
"GCTGT"
"TTTTA"
"TAAAA"
"CCGAG"
"CCCTC"
"TATCT"
"CTGTT"
"GCGGG"
"CTGGG"
"ACACT"
"CCTGA"
"GAGCA"
"AGTAA"
"GCGTT"
"TTCTA"
"ACGTC"
"TTTCT"
"CGACC"
"CCCTT"
"GTGCT"
"CGCTT"
"TCATT"
"TCTTA"
"GAAGA"
"GGTTC"
"AAGAA"
"GTGTA"
"CAAAT"
"AAAAA"
"TTCGT"
"ACTGC"
"TTCCC"
"CATAC"
"GGAGT"
"CTATT"
"TTAAA"
"ATGTG"
"CCCGT"
"GAAAT"
"CTGAT"
"GACTT"
"GCGCA"
"CTCGG"
"GCATT"
"CTCAT"
"CACAG"
"TAATA"
"GATTG"
"CCGCA"
"AGGAA"
"ATTTT"
"TGCGT"
"GCAGT"
"CTAAA"
"GTCTA"
"GATCT"
"ATCAA"
"AAATC"
"TCACA"
"ATTTT"
"GAGAA"
"CATGG"
"CTGTT"
"CCCCT"
"ACTCC"
"CAGTA"
"ATGTC"
"CACGG"
"GACTG"
"TCCCT"
"TATGA"
"ACTCA"
"GAGTC"
"AGAAA"
"TGTGG"
"GCGGG"
"GAGTT"
"TATGC"
"TGAGA"
"ACGCA"
"AAAAT"
"TTCTA"
"TTGCG"
"CTCAG"
"TCGGG"
"CACTG"
"TATTT"
"CAAGT"
"ACGTT"
"ACCAG"
"CACGC"
"GCATT"
"TAAAA"
"CACAC"
"TAAAG"
"CCGAG"
"TGAGC"
"AGGAG"
"ATAAA"
"TTGAA"
"ATCTC"
"TAATC"
"CCAAG"
"AAGTA"
"AACGC"
"TGAAT"
"GAAGC"
"CCCGG"
"TCAAG"
"CTATA"
"TAGCC"
"AATTA"
"GGCTC"
"TCGGC"
"GCGTC"
"GGTGT"
"AGGTA"
"AGGTC"
"TGAAA"
"AGTTA"
"AGACC"
"AACAG"
"GTGGT"
"TTGCT"
"AACGT"
"TATGA"
"CTAAG"
"TTGTA"
"AGGAG"
"TAATG"
"CAGGT"
"GCGGG"
"TGGGG"
"GCGTG"
"GTATG"
"TTGAT"
"AAAAA"
"TTTTT"
"GCCTA"
"GCCAG"
"CGCCC"
"CTGTA"
"TGCAA"
"ACGGG"
"CAAAC"
"TAGAG"
"CCGGG"
"CGTCG"
"CTTAA"
"ACCCT"
"TTTAA"
"GCCCA"
"GTGGG"
"GCGGG"
"CTGGT"
"CCATC"
"CCCGC"
"CTGTG"
"TTGCC"
"GCGCA"
"GATGG"
"AGGTC"
"AGATG"
"AGTGA"
"AATCT"
"GCGGT"
"AAGAG"
"TTGAG"
"CCCGA"
"AGCCA"
"TAGCA"
"CCTGG"
"ATTAC"
"CTGAA"
"AAAAA"
"CAAAC"
"TAAAA"
"CCTCT"
"CACGG"
"CACAA"
"CATAT"
"CCGTA"
"TAACC"
"ATCTC"
"CCGCC"
"CAGCC"
"TATGG"
"ATCCT"
"TGGCA"
"TCGCC"
"GACGT"
"CACGG"
"AGAGC"
"GAGAC"
"CTCAG"
"AGCTG"
"GTGTC"
"GGATG"
"CACTG"
"GAGCA"
"ATGTC"
"GGCTG"
"GGGAG"
"TCAGG"
"TACCA"
"CTCCT"
"ACGGG"
"CGATG"
"CCAAC"
"TGGTC"
"TGCTC"
"GACTC"
"GTACT"
"GATTG"
"TATAG"
"GAGAT"
"CTCAA"
"TTACA"
"CCGTC"
"TTGGT"
"GCGTA"
"TATAT"
"GTAAG"
"CAGCC"
"TTAAA"
"ATTGT"
"TCACT"
"TGGTC"
"ACTCC"
"GCGGG"
"TACTG"
"GGTCT"
"GGCCT"
"TGACA"
"CAATG"
"TCAAA"
"AAGAA"
"AACGT"
"CTACC"
"CCCGA"
"TATTA"
"ATCGT"
"CCACC"
"TGCTG"
"CATAC"
"TTCCC"
"TATCA"
"TCGGG"
"ACAGT"
"TGAAG"
"ATAGT"
"GCGTG"
"AACCT"
"CCGAG"
"CATAG"
"AAAAA"
"TGCCT"
"CTCTC"
"CATGA"
"AACCC"
"TTGTA"
"TGTTC"
"GCCGG"
"TGGAA"
"TATTT"
"ATGTC"
"ATGTG"
"GCCGA"
"ACGTG"
"CGTCG"
"GTTCT"
"TTTTT"
"TGCGG"
"TCCGC"
"CCCGC"
"GACGG"
"TAAAT"
"ACGTG"
"TACTG"
"CATCT"
"TAGGT"
"CCAGC"
"TTAAA"
"CTGGG"
"TTCAC"
"CAAAT"
"GCACC"
"CAGTG"
"TATGG"
"GAGCT"
"ACTGG"
"GGAAA"
"GTTTC"
"TGAAA"
"TGACA"
"TCCGC"
"TGATC"
"AAAAA"
"AAAAG"
"CTATT"
"GCGGG"
"ACCCT"
"GTTCT"
"CATAT"
"GCATG"
"AGCGG"
"AAGCA"
"TTCCT"
"TCGCC"
"AGGAC"
"GGGGA"
"AGTGC"
"TGAGG"
"CTCGG"
"AACCC"
"ACACT"
"TTTAG"
"AAGGG"
"TTCAG"
"ATATA"
"GGGAA"
"CTTGG"
"AAGTA"
"AGCGT"
"AGTGC"
"CCGGC"
"CCGGT"
"TATCC"
"CATGC"
"TTCAA"
"TCAGA"
"ATGGT"
"GATTG"
"CCAGG"
"GTGGG"
"AATAA"
"CCGAG"
"TTGCT"
"GAGGC"
"CAGGG"
"CGGCC"
"GCACT"
"GAGAC"
"TCGCA"
"CACGA"
"GAACA"
"TTGGT"
"CATGG"
"GGGAT"
"CCGGA"
"TACAT"
"CCGGT"
"CGGGG"
"CCGGG"
"CAGTA"
"CCGCC"
"GACGG"
"TCCTT"
"GTGCA"
"TCTCC"
"AAGTA"
"AGAAT"
"AGTGC"
"GGTCT"
"CTGTG"
"GGTAT"
"ACCGG"
"GGGCG"
"CCGGG"
"TTGGT"
"ACGTA"
"CCCTC"
"CGCTG"
"ACTGA"
"TGCGG"
"GGCAT"
"CTCTG"
"TTGAC"
"TGTTG"
"GTATC"
"GTATT"
"ATGTG"
"CCGTG"
"TTTGT"
"GCTAC"
"ACTTG"
"TGTGA"
"TTATG"
"AATGA"
"CGCGC"
"CCCCA"
"TTATT"
"GCGGT"
"AAGTG"
"GCGGC"
"TCCCG"
"GAGGC"
"TGCAC"
"CCGGG"
"CACGG"
"CTCCC"
"CCAGC"
"ACACC"
"TTGAC"
"CGCCC"
"TTAGC"
"GGAGA"
"TCGTC"
"TACAG"
"CCCGA"
"CCTCC"
"CTTGG"
"ACCAT"
"CGTCT"
"TCCGT"
"GAGGA"
"CCTCC"
"CCCGG"
"GGATT"
"CGTCA"
"GCTCT"
"ATCCA"
"GATCC"
"GCAGT"
"CATCC"
"AGGCT"
"TCTGC"
"ACGAT"
"GTAAT"
"CCAAC"
"AACTC"
"AGCAG"
"CCCCG"
"CAGCC"
"GCTCA"
"AGCCT"
"CACTC"
"TGATC"
"TCCGT"
"CCGCC"
"AAGTC"
"TTTAA"
"AAGTC"
"CCGAA"
"CTTTC"
"GGGAT"
"CCCGT"
"CTGTC"
"GTATT"
"CTGAT"
"GCTGG"
"AATTT"
"CAAAT"
"GCTGG"
"TTGTT"
"GAGCT"
"CAATC"
"TCGAC"
"CCACT"
"AGCGA"
"ATCGA"
"GGGGG"
"GGTCC"
"ATTTT"
"GGCCC"
"CTCCC"
"GAGGT"
"AACCA"
"GCGGG"
"CATAG"
"ACCTG"
"AATTA"
"CAATG"
"TACGT"
"GGCAA"
"CCGAG"
"TCTCC"
"TAGAA"
"GGCCT"
"TCTGA"
"AAAAG"
"CATTG"
"GAAAG"
"CTAAT"
"GGAAG"
"GTCGA"
"ACCAA"
"ACAGT"
"CACGC"
"TTCTC"
"TCGAA"
"AAAGA"
"CCCGT"
"TGGTC"
"CTCCT"
"CAAAA"
"ACCAC"
"CCTAT"
"AGATC"
"ATTTT"
"TGGAT"
"CCAGC"
"AATAG"
"TGCAC"
"ATGTC"
"GGCAT"
"CCATA"
"CAATG"
"GTCAT"
"TCTCC"
"TTGTG"
"CTGCA"
"GACTA"
"CATTG"
"TTGCC"
"AGAAC"
"GGGAC"
"ACACC"
"AGCGA"
"AAGGC"
"TCAGA"
"AGAGA"
"AACAA"
"GTGTC"
"GACTC"
"TAAAT"
"CCCCA"
"CCGCC"
"ATACA"
"ACCAG"
"TCCTA"
"ACTTT"
"ACCGC"
"CGCCC"
"ATAGA"
"AAAGT"
"CCCTC"
"ACCTG"
"TGCGT"
"GTTGA"
"TATAG"
"GTCGT"
"GTATG"
"ACCGA"
"TCAAG"
"GGGAA"
"CAAGC"
"CGGAG"
"CCAGC"
"AAGTA"
"CACGC"
"ATAAA"
"ATCGC"
"ATATG"
"CCGGG"
"GAGTG"
"AGGCT"
"GATAA"
"GTCTG"
"AAACC"
"TTCCG"
"TCTTG"
"GGGGC"
"AAGGG"
"CTCGC"
"GGGCA"
"TAATT"
"TTCGG"
"AGGAG"
"CTAGG"
"ATGAG"
"TGCCA"
"AATGA"
"CTCAA"
"TATAC"
"TCGCA"
"GTCTC"
"CATTT"
"GGCAG"
"GTGCC"
"GATGC"
"CCCGA"
"AAACA"
"GCTGG"
"CACCG"
"TTCCT"
"CAGGG"
"GGCTG"
"GGCAA"
"GGGGA"
"GCTAT"
"CCTGG"
"AAACG"
"GGTAA"
"TCTGT"
"GCGTT"
"CCGTT"
"CTGAG"
"AGACC"
"TTTTG"
"ACTGA"
"TGATC"
"AAATT"
"AGTTG"
"CTATT"
"GAATG"
"AATCT"
"GAGGC"
"CTGAT"
"GGCCA"
"CCATG"
"TAAAT"
"CAACA"
"ACAGG"
"ACACT"
"ACATA"
"CCACA"
"GTTGG"
"AGGAC"
"GATGT"
"GGGGT"
"GTGCT"
"CATCT"
"CACTT"
"CATTG"
"GCGCC"
"CACCT"
"CCGTG"
"TCCCC"
"ATATT"
"ACGTT"
"GGCTT"
"CGATC"
"CCGGG"
"ACCTG"
"ATTAA"
"GATTC"
"CTGCA"
"CCATG"
"GTAGA"
"CACTC"
"AAGCC"
"CCAGT"
"AAGAA"
"AACTT"
"CCCCT"
"CCGCA"
"GTGTG"
"GCTCA"
"GACAG"
"ACCTA"
"GCGAC"
"CGTCT"
"CCGTT"
"GCGTA"
"ACGTG"
"AACAA"
"GGGCT"
"TAACA"
"ACAGC"
"TTCCT"
"TATAT"
"AATTT"
"ATGTA"
"GCTTT"
"TACAT"
"CAGGG"
"ACAGC"
"TTTAC"
"CGTCA"
"ACGAT"
"TCAGG"
"TCGTG"
"ATTGG"
"CACCC"
"TGTTT"
"TGGGC"
"AGGTG"
"AGTCA"
"GAACA"
"TTCAC"
"GACTG"
"TCATC"
"ACATG"
"TGTTT"
"GCGCC"
"GATGC"
"ACACA"
"CAGGA"
"CCTGG"
"GCATA"
"CTGAA"
"AGGTG"
"GAGAC"
"CGCCC"
"ACTGT"
"ATCTT"
"TACTC"
"ACGGC"
"TACGT"
"ATGAT"
"GAATT"
"CCAAG"
"CTCAG"
"TCTTG"
"CAGCC"
"TGCCA"
"AAGCA"
"CTGTG"
"TTATG"
"CAATA"
"GGCGT"
"CCCGA"
"GATTT"
"TGAAG"
"TCAGT"
"CCAGG"
"GCTGG"
"CACGT"
"GTGAG"
"ATTGC"
"AACGA"
"AGTGG"
"GACGG"
"GAGAG"
"CAGTC"
"GGAAT"
"AAGTC"
"ACAAG"
"AAGGT"
"GCCGC"
"CAACC"
"GCGGT"
"GTAGT"
"TGCGT"
"ACAGC"
"ATGAT"
"TCTGA"
"CCATG"
"TGTAC"
"AAGTC"
"ATACA"
"GGCGA"
"AGAAA"
"CCTGT"
"ATTTC"
"TACAA"
"TCACT"
"CTGGT"
"TATTA"
"CCCCC"
"TTAGC"
"AACAA"
"ACGCC"
"TCCTT"
"CAGGG"
"GATCC"
"ATATC"
"TCCGA"
"CTATT"
"GTGAG"
"AAGCC"
"CTTTG"
"TTAAC"
"GGAGG"
"GCGCT"
"AGTGG"
"GGCAA"
"CACGC"
"AACCT"
"AGGTA"
"CTCGC"
"TTGTA"
"ACAAA"
"GTGGA"
"CATGG"
"AGCCT"
"GAATG"
"TGCCA"
"CATGG"
"GGAGG"
"TATTT"
"TTGCA"
"CCGTA"
"CTCCC"
"CTGAG"
"TCGTT"
"TCCGC"
"GGATT"
"CACCT"
"TAACT"
"GCCAG"
"GAGCA"
"ACAGC"
"TCCCA"
"GACCT"
"GACAG"
"TTGCA"
"GTGGG"
"CCAAG"
"TGCGC"
"AACAG"
"GCCGG"
"GACTC"
"AGCGC"
"ACGGT"
"CACCA"
"ACGGT"
"AGTTA"
"TCAGC"
"GAATT"
"ACCTC"
"TAACA"
"TGGAG"
"GAGAT"
"CCGAA"
"TTTGT"
"GCGTG"
"AAGAC"
"TGCTG"
"CACTG"
"CCGAG"
"AAATA"
"TATTA"
"CATCA"
"CATGT"
"ACTAA"
"GTTTT"
"ATAAA"
"ATGTT"
"CACGG"
"CCGCC"
"CTATA"
"CAAAT"
"AAATT"
"GAGAG"
"CACAG"
"CCAGC"
"AGTCT"
"AATGG"
"TTCGG"
"TTGCT"
"AAATT"
"AAACA"
"GCTGG"
"TGCCC"
"CTCCC"
"AAGAT"
"GCTGT"
"ATGAA"
"GGATA"
"TTTGA"
"ATCGT"
"CCTGG"
"AAGGA"
"TAAAC"
"AGCGG"
"TGTGC"
"CTGTG"
"TCCGC"
"CTGCT"
"GGTGT"
"TGATC"
"ACGTG"
"AAACC"
"GGGCC"
"CAAGC"
"TGGAG"
"AGTGC"
"ATATT"
"TATCA"
"GGAGT"
"GTACT"
"GGCGT"
"CCCGG"
"AGGAC"
"AGTCA"
"CCTGA"
"GAAGC"
"AACCC"
"TATGT"
"CACGC"
"CGAGG"
"GCAGT"
"ACGTT"
"GATAG"
"CGGCC"
"ACCGC"
"CTCAC"
"TAGAA"
"CCGGC"
"TATTT"
"CTCGC"
"TTGTT"
"CCGGC"
"TAGAT"
"GCCTT"
"GTCCT"
"GACGC"
"ATACC"
"TTAAA"
"CCGCT"
"TTCCT"
"ACATC"
"CCGGT"
"CCGGA"
"TCTTG"
"AAGGA"
"ACACA"
"CACGA"
"GATTG"
"AAAAT"
"TCGAG"
"GCGCC"
"GTATA"
"TCCGG"
"CCCCA"
"CTGGC"
"TGCAC"
"AGGGC"
"GATCT"
"GACTA"
"GACAC"
"TGCAG"
"TCGGT"
"CTCAT"
"AAGAA"
"CTTAT"
"CATAC"
"AGGTT"
"CATGG"
"AAAGA"
"AAGTT"
"GCGGT"
"CTAAC"
"GTCTG"
"GAGTC"
"TCCAT"
"CATGC"
"TTGTC"
"TGATG"
"TCAGT"
"CACAG"
"TTGCC"
"CCATA"
"TTTGC"
"TTTGT"
"TGGGG"
"GCGGA"
"TTTTT"
"CAGGC"
"TCTCC"
"TCTGA"
"GTGAT"
"TTGTT"
"TTCCA"
"CCGGG"
"CTGTT"
"CCTTG"
"TTTGC"
"CCCGG"
"ATCTG"
"ATTTT"
"CTTCT"
"CCCGC"
"GGCGC"
"TACCT"
"GTCGG"
"TCCTG"
"GACAT"
"AAAAA"
"TTGTT"
"CACTG"
"AATGC"
"ATAAA"
"CTTTG"
"TCAGT"
"ACGGT"
"GAGCC"
"CCAGC"
"TTTCT"
"CATGC"
"CTCAT"
"TATTA"
"GCAGG"
"GACCC"
"TTGCC"
"ATTGC"
"ATGCC"
"AATGT"
"AACGA"
"GCAGC"
"TCGGT"
"CCAAG"
"GGCAC"
"ACGTC"
"GGCCC"
"ACTTG"
"TTTGG"
"GAGGG"
"ATTTA"
"TGAAT"
"GGCGC"
"AGCGA"
"CATGC"
"CAGAA"
"TTTCC"
"TACTT"
"GTCTG"
"CTGAC"
"ATGTG"
"CCGCC"
"TTCGA"
"GAGGA"
"CATCT"
"GGGGT"
"GATGT"
"GCCTC"
"TCCGC"
"CGCTC"
"GCATG"
"TTTGT"
"CCGGG"
"AGTGG"
"TCGAC"
"TGTTG"
"GGGGA"
"AGAGC"
"TGCCT"
"GTGGC"
"CAGCC"
"GCGGG"
"CTACC"
"GGCGG"
"TGTGG"
"TATAT"
"AGCGA"
"AACAT"
"TGCAT"
"GATGC"
"ACGTG"
"GACAC"
"CAAGC"
"AAAAC"
"GGTCT"
"TTATT"
"TATCA"
"ACGAT"
"AATAA"
"AAATG"
"CTGTG"
"CCCCC"
"AAATG"
"ATCAA"
"CGCGA"
"TGTCT"
"GTCTC"
"ATCGG"
"CCGAG"
"CTTGT"
"GCGTG"
"TAGCT"
"ATGAG"
"GGTTC"
"TAGTT"
"TTCGT"
"TTTGC"
"GCACT"
"ACGAG"
"TCGCA"
"TGGAT"
"ACCTG"
"CCAGA"
"GGCTT"
"TTTTT"
"CAGCC"
"CAACA"
"GCGGG"
"AGGAC"
"TTTCA"
"ACCGT"
"GAGAA"
"AGGCT"
"CCATC"
"ATCGG"
"GTGAA"
"GGTGT"
"ATTTT"
"TATTA"
"TCGCT"
"CCACC"
"GCGGC"
"GTTCT"
"ACCCA"
"GCGCC"
"CATGC"
"AACCT"
"ACACA"
"GGCTC"
"ACGGA"
"TCCTC"
"ACAAG"
"CTTAG"
"CTGGA"
"TGCGC"
"AGCTA"
"CCAGG"
"CCCGT"
"TCATT"
"ACAGC"
"GCTTC"
"GAAAA"
"AGCGA"
"CGTAG"
"CCGCC"
"TCAGT"
"TCACT"
"GTGGG"
"GCGCC"
"CCGGG"
"CTCGA"
"AGCGG"
"GCGCG"
"AACTT"
"TTAGC"
"CTATT"
"ACTAT"
"ACCCA"
"CTAAG"
"AACCC"
"TCCCG"
"TGTGT"
"CTCAG"
"GGCAG"
"ACAGA"
"TTTTG"
"AATAT"
"AACCA"
"TTCAA"
"TAATT"
"GCTCA"
"AGGAG"
"AAAAA"
"TATGT"
"TCAAG"
"AGCCT"
"AGCTT"
"CAGAC"
"TCTGT"
"ATGTG"
"TCAAA"
"AAGAG"
"TTTCA"
"TTAAG"
"TTGTG"
"CAATG"
"TTGGG"
"GACGA"
"ATTTA"
"GTAAA"
"GCTAC"
"GGGAG"
"GGCAT"
"AAGTG"
"TCTTC"
"TCTTT"
"TAAAA"
"AAGAA"
"TATAC"
"TATTA"
"CTCCC"
"ACCCC"
"ACGTG"
"CACGT"
"GACAA"
"GTTTT"
"CTTGG"
"AGAAG"
"GGACG"
"AGAGA"
"GATTA"
"GCAGG"
"AGGCA"
"TCGGG"
"CCCCG"
"GAAGA"
"ATCGC"
"TTTTT"
"TGTGC"
"GCACT"
"GTCCA"
"CTTCC"
"ACCGC"
"GGCAC"
"TGCAG"
"CATGT"
"CTCAT"
"GTCAA"
"TCACC"
"TTTGT"
"ACGGC"
"ACCTC"
"CATCA"
"AGTAA"
"TGTGT"
"TGACT"
"ACATG"
"CCGTC"
"CTCGC"
"GATGG"
"CAGGC"
"TCGGG"
"TCGGA"
"GCTGT"
"CCGGA"
"CTGCC"
"CTTGG"
"TATAT"
"TTAGC"
"CCATG"
"AAATA"
"TCGGA"
"CCGTG"
"AATGC"
"CTCTC"
"GAGGG"
"CAGAT"
"GGAAT"
"AGCGG"
"CAGAG"
"CTACC"
"CCATT"
"TGCGG"
"ATTGA"
"ATGTC"
"AGTCC"
"GAACA"
"GGAGG"
"GCGCA"
"TGGCC"
"CTCGC"
"CCGCC"
"TGTTC"
"CAGAG"
"GACTG"
"GGGAA"
"AGAAA"
"ATTTT"
"AAATA"
"CAGAG"
"ACTCG"
"GAACT"
"GACGG"
"AAAGG"
"GCACG"
"ATTAC"
"GTAGC"
"TGAAT"
"TCATC"
"GCCGA"
"AGGCA"
"CCCTC"
"GTGCC"
"AGCAG"
"TATAA"
"TGGTT"
"ACTGC"
"CTATG"
"TTCGG"
"TCCCT"
"GCTGC"
"CCTTC"
"GGCGT"
"AGATA"
"CCAGC"
"TTCGT"
"TGACT"
"TCCGG"
"GACCA"
"TCGTA"
"ACGCT"
"AGAAG"
"TTAAA"
"GACGA"
"GCTCG"
"GGCGC"
"CCCCT"
"CCATA"
"ACCAG"
"TGCCA"
"CTATC"
"ACGTA"
"AAATG"
"CTTTG"
"GCCGT"
"GTGGG"
"CGCTT"
"CTGGG"
"CTGTA"
"AGGCT"
"ACACA"
"ATCAA"
"AGACT"
"TTTAA"
"GGGAA"
"CACGA"
"GAGGA"
"TCATT"
"TACAA"
"TATGG"
"ATTGG"
"AATTA"
"TGGGC"
"AGCGA"
"TGGGA"
"TGCCC"
"AGCTT"
"CCGCC"
"TCCGT"
"CTCCT"
"GCGTG"
"TAGAG"
"GGTGA"
"TTTCT"
"CCGGG"
"TACTG"
"GAGAC"
"CTGAG"
"TTTTG"
"GTGGC"
"CGTGG"
"ACGTA"
"CCGCC"
"TGATG"
"GCATA"
"ATAAC"
"GATGA"
"CCATG"
"TTTTG"
"GCCCC"
"TTGAC"
"CAGGT"
"TATCT"
"GTAGA"
"AAGAT"
"CCCCC"
"AATGC"
"GCGTG"
"CTCCC"
"CACAT"
"GCCGG"
"GGCCT"
"TTCCA"
"TGCCA"
"TACGG"
"GCCGG"
"TGGAG"
"TTCTG"
"ACCTG"
"ACCAT"
"GTGGG"
"TTAGA"
"TCGCC"
"TGCGA"
"CCTGG"
"GCCCC"
"TCGTG"
"TCAAC"
"ATGGC"
"TCTTT"
"GCGGA"
"AGGTT"
"GCTTC"
"CTTGA"
"CACCC"
"AACAT"
"AACCC"
"AAACT"
"GCCCT"
"TCTTC"
"CACAA"
"GACGT"
"CATGG"
"CATGG"
"TCAGA"
"CCTGC"
"GTGTA"
"TCGTG"
"CCAAG"
"AAACT"
"TACTA"
"CAGAG"
"CAGCA"
"AGCGG"
"TTCTT"
"AGGAA"
"CCTTC"
"TCTCC"
"GAGCT"
"ATTCC"
"TGGGT"
"CAGGC"
"GATGC"
"ATGTA"
"GGGTG"
"CCGCC"
"GTCAG"
"ATTAA"
"ATCGA"
"CAATT"
"GGAAC"
"TGTGT"
"CCTGG"
"CACTC"
"CATTA"
"AAATT"
"AAAAA"
"AGAAG"
"TTGCT"
"ATCTC"
"TTTAA"
"ACAGG"
"CATAT"
"CCCAG"
"CAACT"
"CAGCA"
"TCTTC"
"CTTTT"
"TAACT"
"CTTAG"
"ATCCC"
"CAAGA"
"TCGTG"
"TTGGT"
"ATCGC"
"CCTAG"
"GTATC"
"GCCGG"
"CTCAG"
"CCACC"
"CTCCC"
"TTTAG"
"CTATC"
"CGCGT"
"CTTGG"
"TGCCC"
"CACGA"
"GATTT"
"AGGGG"
"AATAT"
"TCTAG"
"GCCTT"
"CCGGG"
"TTCAA"
"CTCCC"
"AGGGA"
"GCAAA"
"GGCGG"
