"V6"
"ACACT"
"TGAAT"
"CGGTC"
"TAATG"
"ATGAT"
"GTCTC"
"AGTGG"
"TACAG"
"TCGGT"
"TTAGT"
"TTAGG"
"ACCCT"
"GCAGA"
"AATAA"
"CAAAA"
"AACAA"
"TAAAG"
"CAGGC"
"CACCT"
"AATGG"
"CCGTC"
"ACTGA"
"GGTGC"
"TCTAG"
"GTCGA"
"AGACC"
"CAGTC"
"AGAAA"
"TGTGA"
"GCAGA"
"AATTA"
"CCGTC"
"AACAC"
"TCGGA"
"TCGGC"
"ACCGT"
"CCCGG"
"CAAGA"
"CCGTC"
"TAAAA"
"GTCGA"
"AATCC"
"AAGAA"
"AACCT"
"CCATA"
"AATTT"
"AATTG"
"TGAAG"
"GTATA"
"GATTT"
"CATGG"
"AACGA"
"ATAGT"
"CCATC"
"TAGAG"
"GATAC"
"TGTTT"
"ACTTT"
"AATTA"
"CTATA"
"GTGAT"
"CCCTG"
"CCCGG"
"GGTGG"
"CATAA"
"ACGTG"
"AAAAA"
"ACTTT"
"ACGTG"
"TCACT"
"GGGTG"
"ATAGT"
"AAGAG"
"TACGT"
"TGCGT"
"TGTCA"
"GCACC"
"CAGCT"
"AAACA"
"GAACC"
"CATTG"
"CCCGG"
"AGTCC"
"GGCCC"
"GCGGG"
"AGGTT"
"TTTGA"
"AGAGT"
"GGGCA"
"TACGA"
"CATGG"
"AAGCC"
"TCGTC"
"TCGAA"
"AAATA"
"AATCA"
"GGGGG"
"ATTAC"
"CAGCT"
"CCGCC"
"CACGC"
"ATTTG"
"GTGTA"
"AAGTG"
"AATTG"
"CATAT"
"GCCTG"
"GACCC"
"GTATT"
"AACAA"
"AGCAG"
"TGCAG"
"ACAAC"
"TATGC"
"GCCGC"
"CCCGC"
"CTTTA"
"TACTT"
"ATGTA"
"ACGTA"
"CCCGC"
"TCGCT"
"CCATG"
"AGGTA"
"CTCCA"
"CCATC"
"GGCTG"
"GTGTG"
"ATGCT"
"TGCGT"
"CCGGG"
"GGGAT"
"CCAGG"
"TCCTT"
"AACAG"
"CATAC"
"GAACT"
"TATAT"
"ACATG"
"AGTCC"
"CAAAA"
"GGTCA"
"CAGAC"
"TTGTA"
"CTAAT"
"AGAGA"
"TCAGC"
"TGGGC"
"ATGGA"
"AACAT"
"GGTCG"
"CTTAC"
"ATGCT"
"GACTG"
"CCGGT"
"TTTGT"
"CTCAC"
"GGCAA"
"ACGAG"
"ATGCC"
"TTTGA"
"CAAAT"
"TAGGA"
"CTGTG"
"TCGGT"
"GGGAA"
"ACCCT"
"TACAG"
"CACAG"
"TTTGT"
"GAGTT"
"TTCAC"
"CAGGC"
"TATTT"
"ACGTA"
"ATGAA"
"ATCCA"
"ATTGA"
"CTTCT"
"CTTAC"
"GTAAA"
"CACTT"
"AGTTT"
"ACGGT"
"TATCC"
"CACGT"
"TCGGC"
"ACGAA"
"AGATG"
"TGAGA"
"TTGAT"
"TTGGC"
"TCATG"
"GAGCG"
"AAAAA"
"TCATG"
"GATGG"
"TAATT"
"CACCT"
"ATCAC"
"TGGGC"
"ATCTC"
"GACGA"
"AGCGG"
"CTTGC"
"TTCGA"
"AAACT"
"TAAAT"
"ATCAC"
"TCGAA"
"CATGC"
"TTTCC"
"ACTTG"
"TATAG"
"GCTGG"
"CCGGA"
"TGCCA"
"CATCA"
"GATGT"
"CCAGG"
"CAACA"
"GCCCA"
"AATAT"
"CACGA"
"GCCAG"
"TGGAT"
"GGGTG"
"CCTTT"
"CTGCC"
"CATCC"
"CACCA"
"CCGTT"
"CCATT"
"AAACA"
"GACCC"
"GCGTG"
"TCACT"
"CCAAC"
"CATAC"
"TCTGC"
"TGTCC"
"GGCGA"
"GAGCT"
"TAAGA"
"TCCTG"
"ATCCC"
"AATAT"
"GCCCA"
"CAACT"
"GGCGC"
"TCCGC"
"CCGAG"
"AGTGG"
"TTACC"
"TCAGT"
"AGCCC"
"ATCAG"
"TGGTC"
"TTGTT"
"CTTTT"
"CTACC"
"CAGCT"
"AAAAA"
"ATAGT"
"GCTCT"
"CAGAC"
"GTGGA"
"AGGGT"
"CCAGT"
"ACCGC"
"GTTGG"
"AGACA"
"GGAGC"
"ACGTG"
"GCGGT"
"ATGAG"
"GACCA"
"TCCTA"
"GAGAC"
"GATTG"
"GCCTG"
"CCGGG"
"ACTGT"
"AAATA"
"TCCCT"
"TTTCC"
"TATCT"
"TACTG"
"AGACC"
"TATAG"
"CCAAG"
"GAGGA"
"AAATT"
"CTATA"
"TGGCC"
"GAATA"
"TAATA"
"GCCGC"
"TGACT"
"GGTCT"
"ATTTC"
"AGCTG"
"TTCGG"
"TCAAA"
"GTGAG"
"GATCA"
"AGTGA"
"TTGCC"
"CCCGC"
"CGCTC"
"TCCAA"
"TGTCA"
"GGACT"
"ACGGC"
"AATGA"
"GCGCC"
"AAAAG"
"AGTGA"
"AATCT"
"GCGGA"
"TGCCT"
"AAACA"
"TGCGA"
"CTAAA"
"TCCGT"
"TTCTG"
"ACGGA"
"AATAT"
"TCGTT"
"CACGA"
"GCCGC"
"CCCGG"
"CCCGT"
"TATTA"
"GCGCG"
"CCCCC"
"GCCCT"
"TCCAG"
"CCGTT"
"TTCGG"
"ATCAA"
"TTGGT"
"GGCGT"
"AGTGA"
"GAGCT"
"TTATT"
"GCCGT"
"GATGG"
"GACGC"
"TGTTC"
"CAGCC"
"AGTGA"
"ATACC"
"AATTG"
"CTCGC"
"CCAGG"
"TCCAT"
"CCTCT"
"GCAAA"
"GCGAT"
"TTTAT"
"GAGGG"
"CTCCT"
"TTGAT"
"ATATC"
"CTCGG"
"CCTCA"
"TAGCC"
"GGCGG"
"AACAC"
"GAATT"
"AGCGA"
"CATTG"
"GAAGA"
"GACAT"
"ACATA"
"AACTC"
"GGTGT"
"AGTGA"
"CCACC"
"AACGG"
"CAACA"
"AGGCT"
"GTTGC"
"GTATA"
"GGGAC"
"CCTCT"
"CTCGG"
"CAGAA"
"CCCTT"
"TTGCG"
"AGTCT"
"GTCCA"
"TAATA"
"CAGTG"
"CTTTT"
"TCAAG"
"TGCCT"
"TATAG"
"GCCGC"
"GATGG"
"CATCA"
"ATATA"
"TCCTT"
"AGGTC"
"AACAC"
"CCCTT"
"AGAAT"
"AGGCA"
"ATTTT"
"AAAAA"
"GACTG"
"GCGGG"
"AACAA"
"TTAAT"
"CTGGG"
"CCGCG"
"GCCGT"
"CCCGT"
"CCTTC"
"GATCA"
"TCCGT"
"GTTTC"
"TTGAG"
"CCCAA"
"GTTTA"
"ACGTA"
"AAACC"
"AAAAT"
"ACGGA"
"ACGGT"
"CCCCT"
"GGTGC"
"TACAG"
"TTCGT"
"TTACT"
"GTGTA"
"CACTC"
"AAATA"
"TGCGC"
"GCCGG"
"CCAGG"
"TTGTT"
"TCCAT"
"TATTG"
"TGGCT"
"TACAC"
"AGGTT"
"AGGGA"
"GTTCT"
"CCTGG"
"AGAAG"
"TCGTT"
"GTCTC"
"ACCCT"
"TTGCA"
"GAAGG"
"AACGT"
"AACCA"
"CCAGT"
"CCGGG"
"TTTGA"
"TCTTC"
"ACGTA"
"GAAGA"
"CCGTA"
"TCTGA"
"TCTGT"
"CCCGT"
"GCGCT"
"AAACA"
"AACCA"
"CGGTA"
"TGCGA"
"TCCGC"
"CACAC"
"CCAGA"
"TGACC"
"GGGGC"
"TATAC"
"GATGA"
"ACATT"
"CACGT"
"CACGA"
"TCCCT"
"ACCCC"
"TTCTT"
"TACAC"
"CCCGT"
"TTCTT"
"CCGCC"
"CAGCC"
"CCCGA"
"AACGC"
"GGTTC"
"CAGAT"
"CACGC"
"CCATT"
"AAGAA"
"AGCGA"
"TCAGA"
"CAATC"
"GACGC"
"CAGCA"
"CAGCT"
"ACATC"
"AATCA"
"CCTGC"
"AAGGG"
"CTATC"
"TTCGG"
"ATGTA"
"CATCT"
"GAACC"
"AAAAA"
"TATGT"
"TCAGC"
"TGAAA"
"AGCGG"
"ACCAC"
"ATACT"
"AAATC"
"AGATG"
"AAGAA"
"TACGC"
"CAGCA"
"CAGGG"
"GGTCA"
"AGGAG"
"TATCC"
"GTATT"
"GTTCA"
"CAAAA"
"ACTTG"
"TCGTC"
"GATTA"
"GAGCC"
"TATGG"
"TGCAA"
"CACCT"
"CCCCC"
"ATGTC"
"GCTCT"
"GGTAA"
"GTTGC"
"TGTTG"
"CCGGG"
"AATGG"
"TGGTT"
"TGTGT"
"TATTG"
"ACCTG"
"AACAT"
"AAGTC"
"GTGTT"
"GAATA"
"AGCGC"
"AGATG"
"CGGCT"
"CCAGT"
"TACTT"
"CCCCG"
"AACTT"
"TGATG"
"GTCCC"
"TCAGG"
"AGGTC"
"TCTGG"
"GGTAT"
"ACGAT"
"GCACT"
"CAGTA"
"CTCAT"
"GCCCC"
"AGTAG"
"TTTTT"
"AGGAT"
"TGGAG"
"GGCAA"
"GACAG"
"GGCGT"
"TTCTT"
"GGTGC"
"CCTCT"
"AGTAG"
"CAGTA"
"CTACA"
"TGAGT"
"CCGTT"
"CCGGA"
"GGACC"
"TCCTA"
"GGTTT"
"GGTGA"
"CTCCC"
"CTCAG"
"GACAT"
"TACGG"
"GATAG"
"ACTTC"
"CCACT"
"GATCC"
"GATGG"
"AGCTT"
"AAATT"
"CCTGT"
"GCGGG"
"TACCA"
"TTCGC"
"TTTAC"
"TCCTT"
"ACCTG"
"ATTAT"
"AACTC"
"TCCTG"
"AATAA"
"TGCAT"
"GGCCA"
"GGCCC"
"CCTAT"
"GCAAC"
"TGCCT"
"CCGTA"
"TCTGC"
"ACTTC"
"CATGG"
"TGCCC"
"CGCTG"
"CTGAA"
"GGGCC"
"CCAAG"
"ACGCT"
"CTAAC"
"CCGCC"
"TGGCC"
"GACTC"
"ATGCA"
"CATGC"
"TGTGC"
"CCGAG"
"AAGGA"
"TCAAG"
"CTCCT"
"AGGGG"
"AGAAA"
"GCGGT"
"TGTAT"
"CCACA"
"ACCCG"
"CCCTG"
"CTTGA"
"CTAGT"
"CTATT"
"GTGTA"
"ATATC"
"ATCGA"
"CTCAT"
"GGCCC"
"CATGC"
"TTAAA"
"ACCGG"
"CCCCA"
"TGCCA"
"AGGCA"
"AAAAG"
"TTCGG"
"TTGAC"
"TAATA"
"TAGTT"
"AGCTG"
"ACCGT"
"ATTTG"
"GATAA"
"ATAAG"
"AACAG"
"TTTGG"
"TACTT"
"CAGGT"
"CTAGA"
"GGGCA"
"TCAAG"
"TTGGC"
"ACGTC"
"GCGTT"
"TCGGG"
"TCCTA"
"GTGTG"
"CCGGC"
"ACAGG"
"ATTTT"
"CAATC"
"TGAGA"
"GACTG"
"GGCAT"
"AAAAA"
"CACCC"
"ATTTG"
"GTAAA"
"ATCCC"
"GCTAG"
"GAGTC"
"AGGAA"
"AGTAC"
"GGCCC"
"TGCGG"
"CTGAA"
"TCCGT"
"CTGAG"
"ACGTA"
"GCGTC"
"AGTTT"
"TGACT"
"GATAG"
"CTAGG"
"GGGTG"
"CCAAG"
"GTGTG"
"CATCT"
"TATGA"
"CCGTG"
"TAATT"
"GCACA"
"ACCGG"
"ATGCC"
"GACGG"
"TTGAG"
"AGGAC"
"AAATA"
"CTGAA"
"AAGGC"
"CGCGC"
"CGCGG"
"TTATT"
"CACAT"
"ACTAG"
"TGACA"
"CCAAA"
"TGCCA"
"TTTGC"
"AGGGG"
"GAGTG"
"AATAT"
"GGTGT"
"TACGT"
"ATCAG"
"CATGT"
"CCACA"
"AATAC"
"AGTTT"
"TCCGT"
"GTCGC"
"AAGTC"
"GGCGC"
"AAGGG"
"AAGAA"
"TTCCT"
"CTGCC"
"TCCGG"
"GCATC"
"GTGTT"
"AAAAA"
"ACCCA"
"GAAGT"
"AGCCA"
"GCAGG"
"TCTGC"
"GAGTA"
"CACAA"
"TATTG"
"ACACT"
"AACAG"
"CGTCT"
"TAATT"
"CCCTC"
"ATATA"
"GGACT"
"GGCGG"
"TTTCA"
"GCACT"
"AACTA"
"TCATT"
"ATTCA"
"GGGGG"
"ATGCA"
"CAAGC"
"CCCAG"
"CCGGG"
"AAAAA"
"AATCA"
"AGCTG"
"TGCCT"
"AGGAG"
"CCTTG"
"CTTGT"
"TTATT"
"GTATG"
"TTGTA"
"CATGC"
"AAGAA"
"TACAT"
"TACAA"
"CAGAT"
"ACGGC"
"CAACT"
"GCGCG"
"GCGGG"
"CAAAA"
"ACAAC"
"GGCTT"
"ATGTA"
"CCCCA"
"GATTG"
"GCTGC"
"TAATT"
"GTCGG"
"TGCTT"
"TCCTA"
"GCCCG"
"AGGTG"
"GCGTG"
"ACGGC"
"TGCGC"
"CCAGC"
"ACCTC"
"CGTTT"
"CAATA"
"AAGAA"
"TCGCT"
"CCAGT"
"TCCGG"
"AGGCA"
"TTTAA"
"ATCAT"
"ACGGT"
"TTGCT"
"CCTTA"
"AGACA"
"GCGGT"
"TACAG"
"CATGG"
"ACTGA"
"GGCTG"
"AGCGT"
"AATAA"
"TACAA"
"AATTG"
"GAGAA"
"GGGCC"
"CTATG"
"CCGGA"
"TGCTT"
"TAATT"
"TGAGT"
"TGGAT"
"GGGAT"
"ATGTT"
"TTTGA"
"GAACT"
"GCCGG"
"CCACT"
"TTTGA"
"CAACT"
"TTCTC"
"GGTGA"
"ACGTC"
"AAACC"
"TCGGG"
"AGTTG"
"CTGTA"
"AATAA"
"CCCTC"
"AGTCA"
"CTGGA"
"TGCTC"
"CACGC"
"AGATA"
"GCAGT"
"TTGGG"
"CTGAG"
"TCTGT"
"AAGCC"
"CTTGG"
"TGGGT"
"AAAGA"
"ACGGA"
"AACGG"
"GCGGG"
"GAAGC"
"ACTGC"
"CTCGT"
"AGCTA"
"CTCGG"
"CTGGC"
"AAATA"
"TTGCT"
"TGCCC"
"ACCCT"
"AGTAG"
"CTGTC"
"TATTC"
"ACGCT"
"AAAGC"
"ACTGC"
"TAGTA"
"GCATA"
"GACGG"
"GTGTA"
"CCATT"
"GATTG"
"CCCCA"
"TGATA"
"TCTAA"
"ACGTA"
"TCGTG"
"CAACT"
"TTGGG"
"GCGGC"
"CCTGG"
"AATAG"
"CCGCG"
"TCAAG"
"TAGTA"
"GGCCT"
"CAAGC"
"AATTC"
"AAACA"
"TCCTG"
"AATGA"
"ACACC"
"TGCGG"
"TAAAG"
"TCGTC"
"CACAG"
"AACCC"
"AGATG"
"ACCGA"
"CTAAT"
"AAGCA"
"CCGGA"
"TCCTC"
"GGGCA"
"CATGC"
"ACCTG"
"GGAGA"
"TTAGG"
"GCACA"
"AGGCC"
"AGGAC"
"ATCTT"
"CCCGT"
"ACTCC"
"ACCAG"
"GTATC"
"ACCCA"
"ACTTG"
"AACGA"
"ATACA"
"CTCAC"
"CCCTA"
"ATTGC"
"AACTC"
"GGGCA"
"GCCTC"
"TAGAA"
"TGGAG"
"ATTAT"
"GAACT"
"ATACG"
"GGCAG"
"TGGGC"
"CAGAT"
"CTATT"
"TCCGC"
"TGGTC"
"GACCG"
"CCATC"
"GCGTG"
"CAAAT"
"CCAGA"
"CACAG"
"TCTTA"
"TTGGC"
"CCTGG"
"CAGCA"
"GCAAA"
"GGCTG"
"GAGGC"
"GTCGC"
"AGCGC"
"CCTCC"
"GCACA"
"AGATC"
"GCGCC"
"GTATG"
"GCCCT"
"GCATG"
"CCGGG"
"GAATT"
"CCCAC"
"TTGTT"
"TATAT"
"GCGAC"
"AAGCC"
"GGCGG"
"GCGAG"
"TTTTA"
"ACAAA"
"ACAAA"
"TAGTT"
"GACTC"
"AGGGC"
"ACACC"
"TTCTG"
"CCCGC"
"ACAGT"
"AGCAA"
"TACCC"
"CCACT"
"GGCGT"
"CACGA"
"TTACA"
"TCCTG"
"CTCAT"
"AATTA"
"CCGGT"
"AGGCC"
"CCTTC"
"TCGGG"
"CCCGA"
"AAGAA"
"GAATT"
"CCAAA"
"ACGTA"
"CCCCT"
"GATAG"
"CACAT"
"GCTTA"
"AACAT"
"GATGG"
"GACAG"
"AAATA"
"TGTAT"
"ACCCA"
"TCGTA"
"CCCTG"
"GAAAA"
"GGCGC"
"TGTTT"
"TTCCA"
"TTCTC"
"TACCT"
"ATCAC"
"GTAAG"
"CATCT"
"GGTCT"
"AGCCA"
"AAGTC"
"GTTGC"
"TGCTT"
"CTTAG"
"CCGTT"
"AAGAG"
"GGAGT"
"AACTT"
"CCGCT"
"TACGC"
"TCAGC"
"TTGTG"
"GACGC"
"TGCGC"
"CAACT"
"AGATG"
"GGATG"
"TGCCT"
"CCTAC"
"TACAA"
"GTGCA"
"TACGT"
"CAAAG"
"AAATA"
"AACGG"
"GGTTG"
"CCCAG"
"ATTAC"
"GAAGG"
"ACATG"
"GGCAA"
"AGATA"
"AAGTG"
"GCACT"
"GTTCC"
"ACTGG"
"ACATA"
"CTGTA"
"GCTGG"
"AAATG"
"TGCAT"
"GACGG"
"TGAAG"
"AGTGG"
"CACGT"
"ATAGG"
"TACAA"
"AAAAA"
"AGAGA"
"CAATT"
"ATATT"
"TGAAA"
"CTATC"
"CAGTG"
"TGGGT"
"ATTCT"
"ACTGT"
"GGATT"
"GTGGA"
"AAATG"
"TGTTC"
"TTCTA"
"CAATC"
"CTCTC"
"CAGTG"
"TTGCT"
"ACTGC"
"TTCGC"
"TCTGC"
"GTGCT"
"CCCTG"
"ACGCT"
"AATAA"
"TTAGC"
"ATTTG"
"ACACA"
"CACGC"
"CCGGC"
"CTGGG"
"CTGTC"
"TGTGT"
"GGGCT"
"CACGT"
"GCGTG"
"TTCGG"
"TTCCC"
"CCACC"
"GACGC"
"TCGAT"
"ACGTC"
"AAGAA"
"CAGTG"
"TGGTT"
"AGGTC"
"ATCTT"
"CCCGG"
"CTGTG"
"ACCCT"
"CCACC"
"CTATA"
"CTGAC"
"ATGAA"
"AATCC"
"TTTCT"
"CACGG"
"GCCCT"
"GCTGT"
"ACATG"
"AAAAT"
"GCAGT"
"GCATG"
"CCAGC"
"TAGAA"
"AATTG"
"TACCC"
"GGGCC"
"CCTGC"
"GGGAA"
"GCCCT"
"TTTAC"
"TAGAT"
"GTAGC"
"GCGGA"
"CGGGT"
"AGAGG"
"TTACC"
"CGCGG"
"AAATC"
"AGATC"
"CAGGG"
"GCATC"
"GGTTA"
"TTATC"
"GTGTG"
"GACAT"
"TCACC"
"TAGAG"
"TATAC"
"ATGCT"
"GCGTG"
"GGCGT"
"CCCGA"
"TGTGG"
"CTTAG"
"CAACC"
"GGAGT"
"CCGGG"
"CAACA"
"ATGAG"
"TTCAT"
"GACAG"
"AAGAA"
"AAAAT"
"AGTTC"
"AACAA"
"AGGAA"
"AATAG"
"TCCTG"
"CTCAA"
"TTATT"
"CTAAG"
"GATGG"
"GGCCC"
"TGTTT"
"ACGCA"
"TTCCA"
"TTCCT"
"GGAGG"
"TGAGC"
"GATGA"
"TTCAG"
"TACCG"
"TATAC"
"CAGGG"
"GCCAG"
"CCGGG"
"GCGAA"
"TAAGA"
"TGCGT"
"CCCGG"
"CGCAG"
"TGCCA"
"TAGGG"
"GGAGC"
"GGAAT"
"ATATA"
"GTTCA"
"ATTTC"
"ACGGG"
"GGATT"
"GCGAT"
"CTACA"
"GGGAC"
"GGGTG"
"CTTCT"
"AGAGA"
"AGTGG"
"GTCAA"
"ATGCC"
"ACCAC"
"TGCTC"
"AGGTG"
"AGTGC"
"GTTTG"
"CCTTG"
"CCTTC"
"TCCCA"
"CTGCC"
"AACAC"
"AATGT"
"ATTTG"
"CCCTG"
"CTTAA"
"ACGAG"
"CTGTA"
"TAGTC"
"GGATC"
"ACGGA"
"GAGAC"
"TGCGG"
"AACAA"
"CATTG"
"CTGCT"
"GGCTG"
"CGTGG"
"ACCTG"
"TAGCC"
"CATGC"
"AAATA"
"GTCAT"
"GACTT"
"AGACA"
"CAAAC"
"AGCGA"
"AGTAG"
"GTTTC"
"ATTTT"
"ACCGC"
"AATAA"
"AAGTT"
"AGTGC"
"ACCCT"
"TGGAG"
"GAGCT"
"TCCAA"
"GCGAC"
"GCCTC"
"CCGGA"
"GGCGG"
"TGTAA"
"GTTCT"
"TGCGC"
"CAACT"
"GTAGG"
"GTCGG"
"ATGTG"
"GAACT"
"GCCGG"
"TATAT"
"ACAGA"
"CTGCA"
"AAGTC"
"CAACA"
"CTCCC"
"TTGAC"
"CAGAA"
"GCTGG"
"TACGA"
"AAGGA"
"AGGTG"
"TAAAA"
"TGCGC"
"ACCGG"
"TGTTG"
"CACAG"
"ATACT"
"ACACC"
"AAATA"
"ACGGT"
"TCGAT"
"GAGAG"
"AAGTT"
"CTGCT"
"GTATG"
"GTTTT"
"CACTA"
"GGGCT"
"GGACG"
"AGGCT"
"CTCAT"
"CCGCC"
"AATAC"
"TCGTC"
"AGGCC"
"GACCA"
"AGGTC"
"TTCCG"
"CACCC"
"TTCAC"
"TGGGT"
"GGAAA"
"TTTGT"
"AAACA"
"ATGAG"
"ACAGG"
"CCTGT"
"CACAT"
"ACCCC"
"AAGCA"
"GGCGG"
"ACTCT"
"ACAAT"
"TCCTT"
"TATTT"
"TGCCC"
"GATCA"
"AGATA"
"TTACT"
"CCAGG"
"CCGAG"
"CATTC"
"ACACC"
"AAGAA"
"TACAG"
"TTTAT"
"TTGCT"
"ACGTT"
"ACTAA"
"TCACC"
"GACGC"
"GGCAG"
"CTGAG"
"CAGTG"
"ACTTG"
"TCGAA"
"GCCGG"
"AAGGA"
"AGACC"
"CACCC"
"GCGCC"
"CTGTA"
"AGAGA"
"ACAGG"
"TGCTT"
"AATGT"
"TCGCC"
"GAGGG"
"ATGGT"
"CACCT"
"GTAGG"
"TGGCA"
"ACGCT"
"GCGGG"
"AGCGT"
"AGCTT"
"CTCTT"
"TCGTC"
"CCTCT"
"AATCA"
"GATTG"
"AACAC"
"AAGTC"
"AGTAC"
"ATATA"
"GAGAA"
"CCTTA"
"ATTGA"
"ACGGT"
"ACTTC"
"CATGC"
"TCCTT"
"TACCT"
"TACTA"
"CTGCA"
"TCAAG"
"TACAC"
"ATGTG"
"TTATC"
"AATAG"
"TTGTG"
"AATGC"
"TTGAG"
"CACAG"
"GGGTG"
"GCATG"
"ACGAA"
"CGGGC"
"CACCC"
"TCCTG"
"CCTGC"
"AGGCA"
"GCACA"
"ACCTG"
"CTCGG"
"CCCAA"
"CTGTG"
"TCGAT"
"CATAT"
"TCCCT"
"ACTGA"
"ACTCT"
"ATGAC"
"CACGC"
"GATAC"
"TACGT"
"CTTGG"
"GTTGT"
"CATAA"
"AGGAA"
"CTATT"
"ATCTG"
"GCCGC"
"GGCTG"
"AACGA"
"GTTCT"
"TACGG"
"CATCT"
"CCAAA"
"AGTTT"
"TCTCT"
"TGGGA"
"AGAGC"
"TTTGC"
"AGGAA"
"CCGGT"
"CAATG"
"GATAC"
"CTCTC"
"TTTGA"
"ACGCT"
"TCTGA"
"GAAAC"
"CCCGT"
"AAAGT"
"TCATA"
"TGGCT"
"GACGG"
"GTTAT"
"AGAGT"
"TTGCC"
"GTTTC"
"ATTTC"
"AACGA"
"CTCGA"
"CAAAC"
"CATGC"
"TTGAT"
"TGATC"
"AAAAG"
"GATCT"
"TCCGT"
"AAGAT"
"ATGTG"
"CTCAT"
"CAGGT"
"AGATG"
"CGCGG"
"AATTG"
"TTGGT"
"GGATC"
"TAACT"
"AAACT"
"TTTCT"
"CCGCA"
"ACACT"
"GCCTC"
"GCGTT"
"ATGAG"
"CCGGG"
"TATCC"
"TTCCC"
"CTGGC"
"TTGAG"
"GATGC"
"CTGTG"
"GAGGG"
"GGGGT"
"AATGG"
"TCAGC"
"CAATA"
"GCTCT"
"GACTG"
"ACAAA"
"TACTT"
"TTCTG"
"TTTTT"
"GCGCA"
"CACAG"
"GGGTC"
"CTATA"
"GACAG"
"ATATT"
"CAAGT"
"TCATA"
"TTGTG"
"GACGC"
"AAAGG"
"AATGC"
"AACGG"
"TTGGG"
"CACGG"
"ACCTA"
"AAATG"
"GATGT"
"ACGTG"
"ACCGA"
"TCGAA"
"CCCGC"
"TGGTA"
"TGAGT"
"CACGT"
"ATTTA"
"CCCTT"
"ACGGA"
"CAGGA"
"AGCGA"
"AAGTA"
"AGGCT"
"GCGTA"
"TCAAA"
"TGCAA"
"TTAAT"
"ACAGT"
"GAGAT"
"CTGTC"
"GGGCA"
"TCAGG"
"CGGAG"
"ACTCC"
"ACAAC"
"CCGGG"
"CTTTT"
"AGGAA"
"CACTG"
"GCTAT"
"CCCTC"
"TGCAG"
"CAATC"
"ATCGC"
"CATTG"
"AAAAA"
"TCGAA"
"AAAAA"
"GTGGG"
"TGATC"
"CAATA"
"GGCGT"
"CAGAC"
"GCTGG"
"AAGAA"
"TGGGC"
"TTTAA"
"ACATT"
"CATTT"
"TATAA"
"CCCCT"
"ACATT"
"TACAA"
"TTCGA"
"ACGTT"
"CCCTA"
"ATGTG"
"ACGCT"
"CCTAC"
"CACCC"
"ATATG"
"TTCTG"
"CAGTT"
"CATAT"
"CATGC"
"CATGG"
"TCCGG"
"TCAAT"
"TTGTA"
"ACTGG"
"CACGC"
"ATAAT"
"AGGCA"
"GCTAG"
"GAGCC"
"GCCGG"
"GGCGG"
"GTATC"
"ACTAC"
"ACGGT"
"AGCTT"
"ATGGT"
"TCGCT"
"GCGTA"
"AGTCC"
"TTTAT"
"GCCCC"
"GTGTC"
"GAAGA"
"TGTAG"
"CCGGT"
"GCTAC"
"ACAAC"
"TTGTT"
"CTAAG"
"GACAT"
"CCTGC"
"CCTTT"
"TGAAA"
"CATCT"
"GCCTC"
"TATAC"
"GCAAC"
"CTGTA"
"TTGAA"
"CTGTC"
"CCTAT"
"GCTGA"
"TCGCT"
"TATAA"
"TCGTC"
"GCGGA"
"TTGTT"
"GCCGC"
"GCAAC"
"CTAGT"
"TAGTT"
"CAAGT"
"AACGT"
"GCGGT"
"CCCGG"
"TGCGT"
"TCGTT"
"TCCGC"
"AGCAT"
"ATGGA"
"AGGTA"
"TTTTC"
"CCCAC"
"CAGTC"
"GTGAG"
"CTCGG"
"GCGGT"
"CCGCA"
"TGTGT"
"CGGGG"
"ACGTG"
"ATTCT"
"CGGGC"
"GCGTG"
"CTGAT"
"TTCCA"
"TATTC"
"CACTG"
"AGAAT"
"AATGG"
"TTAGC"
"AGGGA"
"TACAC"
"AGCCT"
"AAGTC"
"AATGG"
"TTCCC"
"GGCTG"
"TGCCA"
"GCGCA"
"TCGGA"
"GTACT"
"GCGCG"
"TTCTC"
"TTCCT"
"TCGTG"
"ATGCA"
"TGCTA"
"CCTCG"
"TGGAT"
"GGTGT"
"CTAAT"
"GTCGG"
"AAGAT"
"ACGAC"
"ATTAT"
"TTGTT"
"TTATA"
"AGATA"
"CACTT"
"CCGAC"
"TACAC"
"TCTGG"
"ACATG"
"AACAG"
"TTAAA"
"TTTTG"
"TGATT"
"AGTCT"
"TTTAC"
"ATAGA"
"AACTA"
"CCGAG"
"TCTTA"
"TACTC"
"CATGG"
"CTTTC"
"GATAG"
"AAGTT"
"TGGCT"
"TATGA"
"TAGGC"
"TCTTT"
"GATGC"
"CACCT"
"TGTGA"
"CAGGG"
"CCTGG"
"ACCTG"
"AGCAG"
"GTGCA"
"AAAAA"
"CCGCA"
"AGGCG"
"GAGTG"
"ACTAG"
"CATTT"
"AAATT"
"CCCAA"
"CCAAG"
"CTACT"
"CCTGA"
"CCTGG"
"ATACC"
"CCCTG"
"TTTAA"
"AGGAG"
"AACTG"
"CTTAC"
"ACCAT"
"TCATC"
"AAGTT"
"ATAGA"
"GTGCA"
"CCCGC"
"TTTTC"
"ACGGT"
"ACTGG"
"TCCCA"
"TCCTG"
"CCAGT"
"CAAAA"
"CACCT"
"TTCCC"
"CCGGG"
"CCTGC"
"ACGAG"
"TAATA"
"TGCAC"
"GCGAA"
"TTCAA"
"ACATG"
"CTTGC"
"CATTC"
"CCATC"
"TGTGT"
"GGCCC"
"CCGGG"
"CCACA"
"TCCCA"
"CAATG"
"TCCAG"
"AATTG"
"AACGC"
"CCGAA"
"ATTTA"
"CCCTG"
"TGATC"
"TCTGC"
"GACGG"
"CACGG"
"AATGT"
"CCGGC"
"GTCCC"
"ACGGG"
"GTACA"
"TCCCT"
"CTCAG"
"TAAAA"
"CAGCT"
"TTATG"
"ATCGG"
"ATATA"
"AGGAA"
"AATGT"
"AGTTT"
"CTGAT"
"ACCCT"
"CGCTA"
"GCGCT"
"AGCCT"
"ATTTC"
"AACCA"
"ACATG"
"GACGG"
"TATAG"
"TGCCA"
"CTATC"
"CCCTA"
"TATCA"
"GCGGT"
"GGAAA"
"AATTT"
"ACACA"
"ATATG"
"GCGGG"
"GCCAT"
"ATTGA"
"AGGTG"
"GTCGG"
"CAGGC"
"GAGAG"
"CCCCA"
"GGTAG"
"TCCAA"
"TCCGT"
"AGTGT"
"GACGT"
"TTTCA"
"TGACT"
"ATGCC"
"TAGTA"
"CCTGC"
"GCCAA"
"TGGTT"
"CCCGG"
"AATCT"
"ATTAA"
"GGGAA"
"CACCC"
"AGACC"
"AACTG"
"TTTAT"
"TATCT"
"CATGG"
"CAGGT"
"GTCAG"
"CACCT"
"TGCCT"
"CCCTT"
"CTAGC"
"ATCCC"
"GTAAA"
"TATGG"
"GCCGA"
"CCGCG"
"TTTCC"
"GCATG"
"TCCGA"
"GCAGG"
"CAACA"
"GCGTC"
"CCATG"
"GAACA"
"GGAAG"
"GCCAG"
"GCGAT"
"ACGGA"
"CCCGG"
"ATAAA"
"GGATT"
"CCCCC"
"CGGCC"
"GTATC"
"AATAA"
"TCTGC"
"TACTG"
"GACCG"
"TGAAA"
"ATTCT"
"CTCAT"
"AGGCG"
"CAAGC"
"GGTCT"
"GATAG"
"CATAT"
"ACATG"
"GCCTC"
"AAAAA"
"TACAA"
"GTCAC"
"TATAG"
"CCAGT"
"TGCTC"
"CTTGG"
"CTCAA"
"GAGTC"
"TCCGG"
"GATAC"
"CCTAT"
"CGGTG"
"CACGG"
"TCATA"
"CAACT"
"ATCTT"
"TCCCT"
"CTCAT"
"AGGTG"
"GGGCC"
"TATAT"
"AGATT"
"GCCAA"
"ATTAA"
"CTGCC"
"AACTG"
"TCAGA"
"AATCC"
"GCGTT"
"CCGGG"
"GCAAC"
"ATTCT"
"GAATC"
"AATCC"
"CAATG"
"GTATA"
"GGCTA"
"TTCAA"
"CTGAT"
"TCGCT"
"TACAA"
"ACGCT"
"CAGAG"
"AATTT"
"AAATC"
"ACAGT"
"GTCGC"
"GCGCC"
"CTGTA"
"ATTAT"
"TTCGA"
"CGGCC"
"TCTAG"
"CAGGC"
"CTGCA"
"CGCGG"
"GGGGC"
"GGAGG"
"TTAAA"
"CCGTG"
"GGCGC"
"CTTTC"
"TTCCC"
"GCACC"
"TTCAA"
"GTGCA"
"AGCGA"
"CTCAT"
"GGAGA"
"GATGT"
"ATCTC"
"ACGCA"
"GATCT"
"ACGTC"
"TTCAC"
"TAGGC"
"TCAAC"
"GGCGG"
"ATGAA"
"ATGTG"
"GTATA"
"ACAGC"
"TCGTC"
"ATGAG"
"CCATA"
"GGCTT"
"CATCC"
"AAGGA"
"GTGCC"
"GTATC"
"TTTTA"
"AGCGG"
"ACAAA"
"TGGTA"
"CAGAG"
"TTGCT"
"GCGTG"
"AATGA"
"CCCTT"
"CAATA"
"TCGAG"
"GGCCT"
"CATGC"
"CACCA"
"ACAAT"
"TGACC"
"GTGCA"
"ACTGT"
"TGTCC"
"CTCCT"
"GCTGG"
"CACGC"
"CCGGT"
"CTGGA"
"CAATC"
"GACCC"
"CTGTT"
"CAGAA"
"CATGT"
"CCGTC"
"GCGTT"
"TCATG"
"CTACA"
"CTATG"
"ACAGT"
"GGGGT"
"CCTGT"
"CTCTA"
"TTGTG"
"TACAC"
"TTGTT"
"CCGCC"
"TACCA"
"CATGG"
"GCGTA"
"AGAGG"
"ACTTG"
"CATAG"
"ACGTG"
"CTATG"
"TACGG"
"GATAC"
"AAATA"
"CGGCG"
"ATATG"
"AATCA"
"CATGT"
"TGTGG"
"AGTGC"
"TCGCC"
"GAGCT"
"TCAGT"
"TGAGT"
"TTTCC"
"TCGTG"
"AAGTG"
"TGCGC"
"AAGTC"
"AAAGA"
"TGGAT"
"TCGCC"
"GACGT"
"ACATA"
"GAACA"
"GCTAC"
"GCTTC"
"CTCCA"
"TGCGA"
"GTGAA"
"ATGGT"
"AAAAA"
"TTTAA"
"CCACA"
"ACCGC"
"ATTAC"
"GAGCC"
"CGTAA"
"TATGC"
"GCATA"
"CCCCC"
"TCTTC"
"CATGA"
"AACCA"
"TTGGA"
"GAAAA"
"ATGGA"
"TGTTA"
"TGCCA"
"CCGCC"
"GGGCA"
"TTGTA"
"CCCTA"
"TCAGG"
"CCCGC"
"TGGAA"
"CTCCG"
"TATGT"
"ATCCT"
"CCGTC"
"GCAGG"
"TTATA"
"CTATC"
"AGCAG"
"GAGAG"
"CAACA"
"TTTAT"
"TGACC"
"CACGC"
"AAAGG"
"TATGG"
"ACGCT"
"GGCGT"
"TGGGT"
"GAGTC"
"ATCAG"
"TAATA"
"ATCGC"
"TCCTC"
"CACCC"
"GCGTG"
"GCCGA"
"TCGAC"
"CTACT"
"GGGTG"
"CAGGA"
"TATTG"
"CTGCA"
"CATGC"
"AGGTA"
"AAATT"
"GGCTA"
"TCAGA"
"CTCCT"
"CTCCA"
"CCCAC"
"CCCTC"
"CAGAC"
"CTGCT"
"AAGGA"
"TACTT"
"CTGGA"
"GTGTA"
"TATCT"
"TGATC"
"ATTTA"
"TGCCC"
"TTAAA"
"CACCA"
"TCGCG"
"CTGAA"
"TATTG"
"TTATA"
"TATTG"
"ACTGA"
"TGGTA"
"TTCTT"
"CCGCC"
"CCGTG"
"CATAA"
"TCATA"
"GAGAT"
"CCTGG"
"TCACC"
"GCTGT"
"CTAAC"
"GCGGA"
"CGGAT"
"GTTAG"
"CTACA"
"GCATT"
"TGGAA"
"GCGGC"
"AGGAT"
"TCGGC"
"TGCAA"
"CTGTC"
"ACATG"
"AAGGG"
"GAAAA"
"TTTAA"
"GCTAG"
"GACTT"
"AATTA"
"GGAAT"
"GTCTA"
"CTGTT"
"TCTGT"
"GCGGC"
"TTCCC"
"GTAGA"
"GGCGT"
"ACGGG"
"TGTAA"
"GCCGC"
"CCAAT"
"CCCCA"
"AGGGC"
"GAAGA"
"CATCC"
"CCGGG"
"GAGTA"
"AGCGG"
"GTTAC"
"TAAAT"
"ATCTG"
"AAATG"
"GGAAA"
"TTCCC"
"TATTT"
"AAGTC"
"CATGC"
"CTTTT"
"TTCAC"
"AAAGT"
"TCCTC"
"CTAAG"
"GCGCC"
"GCCGA"
"CGAGA"
"TTGTT"
"AATTT"
"GGACA"
"AGCGG"
"GACAA"
"GTTCA"
"AATCC"
"AGGAG"
"GAACA"
"TGCCA"
"GAATG"
"ACTGT"
"TCGCC"
"AGGTG"
"GGCAT"
"CAACA"
"TTCTC"
"TTGTT"
"CTCTG"
"AGTGG"
"GTACC"
"CCCGC"
"GGGGC"
"GACAA"
"CCAAA"
"TGCAT"
"GATGT"
"TGTTA"
"GGAGA"
"GGGTT"
"AGGTC"
"AGGAA"
"GGTGG"
"GGTGG"
"TCACT"
"CACCA"
"TGGCA"
"CTGTC"
"AACAC"
"TCTGG"
"ACTTA"
"TTGAG"
"CCTAT"
"ACCGT"
"TTTAG"
"CAGGC"
"CTTCA"
"TCTGT"
"AAGAG"
"CGCGG"
"GGCTC"
"AAGAA"
"CTCTC"
"GGTTG"
"TCAGG"
"GCAGT"
"AAGCC"
"TTCTG"
"GGTCT"
"TACAA"
"TGGAC"
"CGCGC"
"CAGTC"
"GACGT"
"TATCC"
"CCGGG"
"ACATC"
"TACAG"
"AGAGG"
"AGGGA"
"AATTT"
"ACATT"
"TGGGT"
"CAGGA"
"GGGAA"
"TACAA"
"GACCC"
"TAGCT"
"TTGCA"
"GCAGG"
"TCAAA"
"CCATT"
"GTGGT"
"TGGTA"
"CCGGG"
"TCCTG"
"TGTGT"
"CCCGA"
"CCTGC"
"GGACC"
"AATTG"
"TGACT"
"TCGTC"
"ATTAA"
"CAGCC"
"GGCCT"
"TTAAC"
"GAAGA"
"TACAT"
"GGCTT"
"CATTA"
"CTCTT"
"TGTGC"
"ATGTG"
"AATGA"
"GTTTT"
"CTTGA"
"GTAGA"
"CACGT"
"AGGCA"
"ACAAA"
"GTTGT"
"CTGAT"
"CCGCA"
"GGGGT"
"ACCGA"
"ACGGT"
"TCCAG"
"ACATC"
"CTCGA"
"GAGAT"
"GGCGC"
"GGCGT"
"GCTGT"
"AGCCT"
"CCGCT"
"TACAG"
"AAACT"
"ACCCT"
"GACCT"
"CAGTG"
"GACAG"
"CCGCC"
"CCATA"
"TGTAG"
"CTCGG"
"AGGTA"
"CTCCA"
"TATAT"
"TGTAG"
"ATTGT"
"ATCAT"
"TTCGG"
"ATCGC"
"ACGAG"
"AACCC"
"CAATA"
"TAAGC"
"CTCAG"
"AACAA"
"TTGTC"
"TCGCA"
"TCGCC"
"TTCCA"
"TCCAA"
"AGGAA"
"TATAG"
"GGAGT"
"GGCAT"
"TGTGT"
"GATCT"
"CACAA"
"TGTTG"
"GATAG"
"GGGCG"
"TAAGG"
"AGCAA"
"GGGCA"
"TTTGA"
"CACTG"
"GTCAG"
"AAGCA"
"GGGTA"
"GGCAC"
"TCGTA"
"TCGCA"
"GGCGC"
"CCATC"
"GTTCC"
"AGCGG"
"AACGA"
"CCACC"
"GAAGT"
"GTTGA"
"CTTCT"
"AGGTG"
"TGTGT"
"AACCA"
"CTAAA"
"GATGC"
"TCATC"
"AACAT"
"CTCCT"
"CCACA"
"ACTCT"
"GAAGT"
"TGTGC"
"ATATC"
"AAACA"
"AGTCT"
"GCCGG"
"CACAC"
"TACTT"
"TCGCT"
"TTGCA"
"GGAGG"
"TTCAC"
"CTCCT"
"AGGGC"
"TGCCC"
"ACTTG"
"ACGTT"
"GGGAC"
"CCGAC"
"GATAT"
"GACGC"
"ATATC"
"CTGTA"
"CTTGA"
"TGAGG"
"AATAG"
"TGGTC"
"AAGAA"
"TGCCT"
"ACCGC"
"ATTTT"
"AAGCC"
"AGTCA"
"GCAAC"
"TTAAG"
"ATTCC"
"GTACT"
"TTGAT"
"CTCAC"
"ACGGG"
"AAAAC"
"TAACT"
"ACCTC"
"CTGAG"
"TTTAT"
"TTCTA"
"CTGCT"
"GCGGT"
"CTGAG"
"TTTAA"
"GGTGA"
"GGGAC"
"TCGCG"
"AGGAA"
"CCTTT"
"CTGTG"
"ATAGT"
"GTGAA"
"TGGCA"
"AACCC"
"CGCGC"
"AGTGC"
"TGTCT"
"AGATG"
"GGCTA"
"TATAC"
"GCGGT"
"TTCTT"
"CACGA"
"ACATT"
"CCCCA"
"TGTCT"
"GGTGA"
"AACAA"
"TTGGT"
"TTCCC"
"CTTTA"
"CTGTA"
"GGAAA"
"CGAGG"
"TTTGA"
"TTGTT"
"ATTTG"
"GGTCC"
"ACGCT"
"GTTTT"
"GGCTG"
"CTATA"
"AGCGA"
"CCACC"
"ATTGT"
"CATGT"
"TGGAG"
"GGCGG"
"CTACT"
"TCCGC"
"GTTGG"
"CCAGC"
"ACCTT"
"CAGTA"
"CTCTT"
"GATGC"
"GGAGT"
"TACTA"
"CATAG"
"GTGGT"
"AGACT"
"GGCGC"
"ATAAT"
"TTACA"
"AATGG"
"TAGAA"
"ATTTT"
"GACCC"
"TGTAT"
"ATAAT"
"TATAT"
"CCGGA"
"GGTGT"
"CATGA"
"AGGCC"
"TGGAA"
"TCCGG"
"GTGAG"
"CATTG"
"GTCTT"
"AGCAG"
"AACCA"
"CACCA"
"AACGC"
"TCATT"
"TGTAT"
"AAATC"
"GTGTA"
"CTATT"
"CTCGC"
"TCCAT"
"CAACC"
"TTGCA"
"TCGGT"
"TACCC"
"TGCAT"
"CTTAG"
"CTAAC"
"ACGAT"
"GCCCT"
"AGTCC"
"TTCGC"
"GGGTA"
"GCTCC"
"CGGAG"
"GATTG"
"GACTA"
"AACGC"
"CAGTG"
"TCCCC"
"GCAGT"
"TGAGT"
"GTGGG"
"GCCGA"
"TATAG"
"TTCTA"
"AGTGT"
"AAGAC"
"TGGAG"
"GCGAG"
"GAGGA"
"AGTAT"
"CCCGC"
"TGGAA"
"CCCAT"
"AACGT"
"TGGGG"
"CAACG"
"CTTAA"
"CTTTT"
"AGTAA"
"ACAAA"
"TGCTA"
"GAACC"
"ATTGT"
"ATACT"
"TTGCG"
"CTGAG"
"CGGGT"
"TATTG"
"AAAAG"
"TCTCC"
"CCATG"
"ATAGG"
"TCATG"
"AATTT"
"ACACT"
"CACGA"
"ATAGT"
"ATAAA"
"GGGGG"
"AAGAG"
"AACAT"
"ACATG"
"TTCCG"
"CCTGC"
"TCAGC"
"CACGG"
"GAGGA"
"CTCGG"
"TTTTT"
"GCTGG"
"ACATA"
"CAATC"
"GGCTG"
"CACAG"
"CTGTA"
"GTCGA"
"GCAAA"
"GCTGA"
"GCTCG"
"CTGGC"
"TCAGT"
"CCAGC"
"GTCAG"
"AAAAA"
"AAACC"
"CACAG"
"CCCCT"
"TTCGT"
"CTCGA"
"TTCAG"
"GCTAG"
"TTTAA"
"GATAC"
"GTGAT"
"GAACA"
"CCAGC"
"TTTAT"
"CAGTG"
"ATATA"
"TATGT"
"AGACT"
"CTATT"
"GGCCT"
"CCGGG"
"CCTCG"
"AGGAA"
"AGTTT"
"TTTAT"
"GGCAG"
"AATTG"
"GCTGG"
"TCCAT"
"CTTCA"
"CAGGG"
"ATTAT"
"GGAGT"
"ACAAT"
"ATACT"
"TAGGA"
"TAGTA"
"AGGAC"
"TACAT"
"ACAAA"
"ATCGC"
"CCGTT"
"ACGTT"
"ACAGA"
"CTTGG"
"TCAGT"
"CCTGC"
"TTTAA"
"TTGTT"
"CAGTT"
"TGCGG"
"CCCCC"
"AAAGA"
"CACTT"
"GCCTC"
"AACAA"
"GTTTT"
"GAGAC"
"ACGTG"
"CTGTC"
"CCTGT"
"CCGGA"
"GCTGC"
"ACTGA"
"AGTAT"
"GGGTT"
"CACTC"
"TCGAA"
"TCACT"
"CTACT"
"CTTCT"
"TCCAA"
"TGATC"
"TCTCA"
"GGCTG"
"AACTA"
"AGGTT"
"GTGGG"
"AAATT"
"GCACT"
"TTCAC"
"AATAG"
"ACGAG"
"CATGG"
"CAGGC"
"GACTG"
"TACGG"
"AACCC"
"ACACA"
"TGGGC"
"GTTTT"
"GTTGT"
"ATGAC"
"TGATT"
"GTCGT"
"TCTTG"
"AGTTT"
"CAAAA"
"AACAC"
"AAAGT"
"GATGC"
"AGGAA"
"ACCGG"
"GTGCC"
"TACAT"
"CACGG"
"CAGCC"
"ACCTA"
"ACCAC"
"CCCAG"
"GTAGA"
"CCTTT"
"GACGG"
"TATAG"
"ACGAC"
"GGAAC"
"CTCCC"
"GTAAG"
"TTCCT"
"CCGAG"
"GAACC"
"TCTTG"
"TTGGG"
"CAACA"
"ACCTC"
"CCCGA"
"ATGTG"
"GACGC"
"CTGGG"
"GCCAG"
"CACAT"
"CGGGG"
"GCCCA"
"ATAGT"
"GGGAG"
"TCCGC"
"GGGAA"
"GGGCA"
"CCGTC"
"ATGTG"
"TAAAT"
"GTTTC"
"CTTCT"
"TATGT"
"ACTGT"
"TTTTG"
"CATCA"
"CCAGG"
"CACAT"
"TAGAT"
"ACGCC"
"CTACC"
"AACTC"
"TTGTG"
"TTCCT"
"ACCGG"
"ACATA"
"CCGTG"
"CAGTT"
"GACGA"
"AAGCA"
"CAACT"
"TCAAG"
"TAAAT"
"AAAAT"
"TTAAA"
"ACGGA"
"AGAAG"
"GACGG"
"TATAG"
"GCTTA"
"TAGTA"
"TTAAA"
"ACTCC"
"TCATA"
"GTTCA"
"CGTGC"
"TCGCG"
"CAATG"
"GATGA"
"TTTAC"
"TTTTT"
"TGTGT"
"TGGTG"
"CTAAT"
"AGATT"
"CCCGC"
"CACGA"
"ACTGA"
"CAATA"
"TCCTC"
"GAACC"
"TCGCT"
"CCGCC"
"AAAAT"
"ACGTG"
"ATGAG"
"TAGGT"
"TATAC"
"GGCGG"
"CAATT"
"CTCGG"
"CCAGA"
"GAGAG"
"GCCTC"
"ACGAT"
"AAGGA"
"AAAGG"
"CCACA"
"GCGCA"
"ACGAG"
"ACTGC"
"CTCGG"
"GGCTC"
"TTTCT"
"AACGG"
"TCGGT"
"AAGAT"
"AACCA"
"TGAAA"
"CTTAT"
"GGTAC"
"CACGC"
"GACGT"
"CTTCT"
"TCCTT"
"TTGTG"
"CAATA"
"CCCCA"
"CTTGT"
"CCATG"
"CCTAG"
"AATCC"
"CCTGC"
"CTCTG"
"TCCCG"
"TTTTG"
"CTAGA"
"CACAT"
"ATGTA"
"CATGG"
"ACTTG"
"AGGGC"
"GTGCT"
"GGAAG"
"GCTCT"
"TTAAA"
"TTTTT"
"TCCTC"
"CCACC"
"TAGAT"
"CTTAC"
"TTGTA"
"TTAAA"
"TATAG"
"GGGGC"
"CCATG"
"GTTAC"
"CATGC"
"CTTAG"
"CTTGC"
"AAAGG"
"TATAG"
"ATTTG"
"TGGTG"
"AACCT"
"CAGAT"
"TACAG"
"CGTGT"
"TGCAT"
"GAGCC"
"TTTTG"
"TGGTT"
"GGGTA"
"TCCTA"
"GGAGG"
"CAGAA"
"AGCCC"
"TTATA"
"ATCTT"
"GGCAG"
"GATTG"
"TACCT"
"CACAG"
"ATGAG"
"ATAGG"
"AGTTG"
"GCAGG"
"TCCGC"
"CTCCC"
"TATCT"
"GTGGA"
"AGAAA"
"TATTC"
"AACTT"
"TGAAT"
"TTTTT"
"AAATA"
"CTGCT"
"TACAC"
"TGAGG"
"ATGCA"
"CCCTG"
"TTTGT"
"GCCAT"
"ATAGA"
"TGTTA"
"TCTCA"
"GACAT"
"CCCGG"
"AAATA"
"TTTCA"
"GGCTG"
"TAGGG"
"AAGCC"
"CGGGC"
"GGTCT"
"ACATA"
"GGCTC"
"ATGAC"
"CCGTA"
"GTCCT"
"ACAAG"
"ATCCT"
"GCAGA"
"AGGTA"
"CTACT"
"TCGGA"
"TGGGT"
"GGGTT"
"TGTGG"
"GCGTG"
"ACTAG"
"TGCAA"
"CAGGT"
"CCTGT"
"TTCTT"
"TGCTA"
"TAGGA"
"ACGGT"
"CTAAC"
"GCCAA"
"ATGAG"
"GGCGG"
"TAATG"
"GGTGG"
"CCCGT"
"TCCAC"
"ACACT"
"TATTA"
"TATGG"
"GAGTT"
"GGTCC"
"GGCGT"
"AACAG"
"TTGTG"
"AGACA"
"AATTG"
"ATCGA"
"TTATT"
"TTTTG"
"GCGCC"
"ATGAG"
"CACTT"
"TAGGA"
"CTGTA"
"GTACA"
"ATGCT"
"CATGT"
"TATAT"
"ATCAG"
"TATGT"
"CATTT"
"TGACT"
"AGCGA"
"TGCAA"
"GCATG"
"ATGTA"
"ATGAT"
"GGCTT"
"CACCT"
"GGGAT"
"AGTAT"
"AGGAG"
"GCAGT"
"AAAAT"
"CCCGT"
"ATTGA"
"TGGTG"
"GAGAT"
"CAGAA"
"ACGTG"
"ATGGT"
"TCCGA"
"TTCAA"
"GAGAA"
"CATAT"
"GCCAT"
"AAAAA"
"ACGTT"
"CCTAA"
"TGATC"
"TGCTG"
"CTAGG"
"AACAA"
"TTGTA"
"GCAAA"
"GTAGC"
"GGGTG"
"TTTTT"
"GTGCA"
"GGGTC"
"CCGAG"
"TCGAA"
"GGGTA"
"CAGTT"
"ATGTT"
"GTCTC"
"TCGGG"
"AATAT"
"TTTTC"
"AATAC"
"AATGG"
"GGTGT"
"GGCGC"
"GATTC"
"GCCGG"
"CATGT"
"GTAGG"
"TCCAA"
"CAAGC"
"CTGTG"
"ATATA"
"ACCTA"
"CCAAA"
"TAGCT"
"GATAC"
"TGCTG"
"TATCT"
"CATGC"
"GGCCT"
"TCACA"
"CGAGG"
"TGCTT"
"GCAAC"
"CATAC"
"ACAAG"
"CAATT"
"CAATA"
"GTACC"
"CCGGA"
"CGGCC"
"CGGGG"
"CACTT"
"GGTGT"
"ACACT"
"TAATA"
"CGGCC"
"AATAA"
"ATATA"
"AGTTC"
"GACTT"
"TATTT"
"TCAGG"
"TCAAC"
"GACCC"
"GACAC"
"TAGTA"
"AGGCG"
"CACCC"
"AGGCA"
"ACTTT"
"GGAAA"
"TGTGC"
"TGTTC"
"CAGGA"
"GCGGG"
"CACGG"
"AGGTG"
"GCTTG"
"TATGT"
"TGGTG"
"TCAGT"
"CACGG"
"CAACG"
"AATCT"
"CCACC"
"CCATT"
"GCAGA"
"TGGGG"
"TCACC"
"ACTGC"
"AAGAT"
"GGGGG"
"GTATA"
"AGCCC"
"AATCT"
"GAGCT"
"GAATT"
"TGCGG"
"CACGG"
"GGCGT"
"AGGGC"
"AGGGC"
"AACGG"
"ACATG"
"ACATA"
"TAGAT"
"TCAAC"
"GCTTG"
"TTTCG"
"ATGTT"
"GGGTT"
"TTGTG"
"GCCGG"
"ACCTC"
"CACGC"
"CCGGG"
"ACCGT"
"AAAGA"
"CATCT"
"CATAA"
"TTCTT"
"TGCCA"
"TAGCC"
"GATGT"
"TCTCA"
"AAATT"
"CCAGA"
"AACTG"
"CCGGG"
"CACCC"
"AGCTT"
"AGTGA"
"AAGAT"
"CCAAT"
"TGATT"
"GAGTG"
"CACCC"
"ACATA"
"TACTT"
"AAGAA"
"TGTCT"
"CAACA"
"ACCGC"
"TAGGA"
"AGCGG"
"TCGAG"
"TGGCA"
"GGGAT"
"ACTGG"
"GATGC"
"CCAAG"
"ATAAT"
"ATTTA"
"GGCTC"
"CACGG"
"CTAAG"
"TCCAA"
"GGTAG"
"TCGGA"
"AGTTG"
"TGTTG"
"CCAGG"
"TCATT"
"TGTAA"
"CAGAA"
"GGCCA"
"TCCGG"
"CAGTA"
"ACTAG"
"GTGTT"
"AGTTA"
"TCGTG"
"CCCTA"
"CATTG"
"CTGCA"
"TAATT"
"CTTGC"
"TAAAA"
"GCACT"
"GAGAG"
"ATGAT"
"ACGGG"
"ATATG"
"AGCGG"
"AGATA"
"ACGTG"
"TGCTG"
"CACCA"
"ACCAT"
"CACCT"
"CTCAC"
"AAATC"
"GCCCC"
"GGGTG"
"TATAA"
"TTAAT"
"ATGAC"
"CCACT"
"ACGTG"
"GGCGT"
"GCCTC"
"CACCA"
"CATTT"
"TTTGA"
"ATTTT"
"GTTGC"
"GCCGC"
"ACTGC"
"TTCTT"
"GGCGA"
"GACGC"
"TTGTC"
"CTCCT"
"TATCA"
"AGGGG"
"GCGAC"
"TCTGC"
"CAACT"
"GGGTT"
"CCCCC"
"TCGTA"
"TCCTC"
"TATGT"
"TAGAG"
"ATTGG"
"CCGCA"
"TCGTG"
"CTGCA"
"CCGCC"
"ACCGT"
"ATATA"
"ATAGT"
"GCAAA"
"AATGA"
"TTCCT"
"CTTTT"
"TGACA"
"CTGCA"
"CAGCC"
"TACAA"
"CTGTG"
"TTTTT"
"TTCAA"
"AAATT"
"TGACT"
"CCGAG"
"AAATA"
"GCATC"
"TTGGG"
"ATGGA"
"TTTTC"
"ACGGG"
"CCCCT"
"TTTCC"
"TATGC"
"AGAGT"
"CATGT"
"AATAA"
"CCAAA"
"CAAGC"
"GTAGA"
"TGGAA"
"TGGCT"
"GACTA"
"TAACC"
"AGGAG"
"TGTCA"
"AGGCC"
"CAATG"
"TTTGT"
"CTGAC"
"TCGTT"
"AGATT"
"AAATG"
"GGCGC"
"ATGTG"
"TGTTC"
"GAGTT"
"CTCCC"
"TTTCC"
"AGCAA"
"GGAGG"
"TCGAG"
"CCAAT"
"TTAAT"
"CGTAT"
"ACGCA"
"GGGCA"
"GCGTA"
"ACCGC"
"GATCA"
"TCATT"
"CGATG"
"TCTCG"
"GGAGA"
"TATCC"
"ATTCG"
"CTGAG"
"CCATG"
"TGGCT"
"AAAGA"
"ACGTG"
"GTCGC"
"GAGAT"
"GGCAG"
"CGTAG"
"GCCGA"
"TTGTA"
"CACGG"
"TCTTA"
"GGAGT"
"ACATT"
"TCCGG"
"ATTTA"
"TACGG"
"GCACA"
"CCGAG"
"TTCCC"
"TCAGA"
"GGCGT"
"CTCTT"
"GCTAA"
"TACTT"
"TTAGC"
"TATCC"
"TGGTG"
"TATGA"
"AGCTG"
"TCCAT"
"GCCTT"
"AACTG"
"AGGAA"
"CTGTG"
"ACAGA"
"GCTTC"
"AGGTT"
"TCGCT"
"AATTT"
"GGTTA"
"ATGGG"
"TGATA"
"TTGGT"
"TAGTA"
"GGTTT"
"CATGA"
"CAGGG"
"CCTGC"
"TCACA"
"TACTC"
"TACAG"
"AACAA"
"AATGT"
"CAGTA"
"CCACC"
"TTCAG"
"CAGGA"
"TGTCA"
"CACGC"
"AATCT"
"CACAA"
"CAGCC"
"TCTTT"
"CCAAG"
"AGTTT"
"AGCGC"
"TTGAG"
"ATATT"
"GGGTT"
"GTGAG"
"TTTTA"
"ACCCC"
"CTTAT"
"GCCGC"
"AGCAA"
"ATTAA"
"AGATG"
"GCGTA"
"CAAAC"
"TGATA"
"CTGTC"
"ATATA"
"TAGAA"
"ATGTG"
"TGAAA"
"ATAAT"
"AATTC"
"CCCAC"
"CCTAC"
"TTGGG"
"AAGAG"
"ACGCT"
"CTCGT"
"GCTAC"
"TCTCC"
"ATTTT"
"GACGC"
"CTCAA"
"AATAT"
"CCATG"
"AACTC"
"GCGCC"
"CCACT"
"AACAT"
"GCTGA"
"CCCGG"
"GAACG"
"TTCTT"
"CAGAG"
"CACTG"
"AGGGC"
"CATGC"
"GAGAG"
"GTTCT"
"AATTT"
"AATGT"
"AAAAA"
"CCGCC"
"CCGAG"
"GCCTG"
"CCCCC"
"TACAG"
"CCATG"
"AAGAA"
"GCGGT"
"AGCCT"
"TACCT"
"ACTCT"
"AGGAG"
"GGTTC"
"GGAGT"
"TAAGA"
"CCAGG"
"CGCGG"
"GCATC"
"CCGCG"
"TCCAG"
"ACCAT"
"CTTCG"
"TCTAG"
"TTCCA"
"TTCTC"
"GGCCT"
"AAGTT"
"GCACT"
"GCGCT"
"CCGTG"
"ATGAA"
"CACGT"
"CAATG"
"GATAG"
"CACAA"
"GCGCA"
"AGGAC"
"GATGG"
"TTTGG"
"ATCGA"
"GATGA"
"ACGTC"
"CTATA"
"GCCTC"
"CGCGA"
"AATTT"
"ATGGT"
"GATAG"
"GCTCA"
"GACGT"
"CCCGA"
"GAAAG"
"CCGGC"
"CTCTT"
"CCTGG"
"CTTCT"
"CCAAC"
"GGCAG"
"CCGTC"
"GGCGG"
"TACCA"
"CCGAG"
"GAACC"
"GTAAC"
"TATGA"
"ACAAG"
"TTGTC"
"AGTCT"
"CATCA"
"TCACT"
"CCAAC"
"ATGTA"
"CTTTT"
"TTGTC"
"AGTGT"
"CTGCT"
"TCCGG"
"GCCTT"
"ATTAT"
"TTTGA"
"AGAGT"
"AGCGT"
"AGCGA"
"TCCCT"
"GAGAG"
"ACCGT"
"GCTTG"
"CATAT"
"CAGAC"
"AGTGT"
"TCTCA"
"CTGTG"
"AAGCT"
"CAATA"
"TGTCA"
"ACTTG"
"TCTGC"
"CTGCC"
"TTCTT"
"CGCTC"
"GCAGG"
"GCAGC"
"CTGTA"
"GGTCT"
"TTCTA"
"AGCTG"
"TAACT"
"GCCGT"
"ACATG"
"CCGAC"
"GAAAT"
"ATATG"
"GGCTC"
"CCGTG"
"AGAGA"
"TGCCC"
"TTCTT"
"GACCT"
"CTACG"
"CGCGG"
"AGCAC"
"AGGTT"
"GCTGC"
"TCATT"
"CAAAA"
"AGGAC"
"TAAGC"
"GGCTT"
"TTGCT"
"GACGA"
"TGGTC"
"ACGAG"
"TACTT"
"GCCTT"
"ATGAG"
"ATACA"
"GCCGG"
"GTAGA"
"TCATG"
"TCCCC"
"ACACT"
"TTAGG"
"ACAGA"
"ACAGC"
"AAGGA"
"GACGT"
"GGCTG"
"AGTAC"
"AACGA"
"CACGC"
"CTTTC"
"AATCT"
"CCGCC"
"AAATG"
"CTGGT"
"ATCTG"
"AAATT"
"AATGA"
"AGATG"
"ATATT"
"GACAA"
"TCTAG"
"TGAAG"
"CATGG"
"AAAAA"
"AGCGG"
"GGCCA"
"AATGG"
"AATAG"
"GAGTA"
"TGTCC"
"AGGCC"
"TTATT"
"TACGT"
"CAGTT"
"CCGGG"
"TGGTT"
"GGGCT"
"GAAAG"
"ACGTA"
"TAACA"
"ACGGG"
"GTGTG"
"CTATT"
"AGACC"
"AGATG"
"TGCCT"
"TCGGC"
"CTCGC"
"GGTGC"
"AATCT"
"TGTTT"
"CAGAG"
"CTGGA"
"GACTT"
"CACAG"
"TTCTT"
"GAGGG"
"CCGAG"
"TATCC"
"TCGAG"
"TCTTT"
"ATAAC"
"TACGT"
"GACGT"
"CAAGG"
"GAGCT"
"AGTGA"
"AACCT"
"AAGGG"
"TTTGA"
"GAAGA"
"TTCCT"
"TTAAT"
"CCTAA"
"CAGTA"
"GCAGT"
"AGATA"
"CAACA"
"GGGTG"
"TGTAA"
"GGATT"
"TCGCA"
"CTCGA"
"GTGCC"
"ATCTT"
"GGTTC"
"TCATG"
"CTTAT"
"CCTGA"
"TTGTG"
"CTGCT"
"CTATA"
"GTGCT"
"ATGTT"
"GGAAG"
"ACCGA"
"TCGTG"
"AACAA"
"TCGCC"
"TTTTT"
"CAGTT"
"GGATC"
"GTGTA"
"GACGG"
"AGGGA"
"TGGTA"
"ACCCA"
"CCTGA"
"TATAA"
"GAAAC"
"TTATG"
"TCATA"
"GCGCA"
"GAAGA"
"CATCC"
"CCTAC"
"CAGGT"
"GTATT"
"CAACG"
"TCATA"
"CTTAT"
"AGTGT"
"TTAAA"
"TCCAA"
"GGGCA"
"GACTT"
"TGCGG"
"GCGTG"
"CCGTC"
"ATAAG"
"CTTGG"
"GATGC"
"GCCGG"
"GCCCA"
"ACAAA"
"CATGC"
"TGCAT"
"GACTG"
"GGTCG"
"CCGTG"
"TATGC"
"ATTTG"
"CCCCG"
"GTGAC"
"AAAAA"
"TTCGC"
"TAGCT"
"GCTTT"
"GGGTT"
"ATTTC"
"GCGTA"
"TCCTC"
"TGGTA"
"TTCTC"
"AACAG"
"ACCAG"
"GTGTT"
"ATTTT"
"TATGG"
"GACCT"
"TTGGA"
"GCGAT"
"AAGAT"
"CATTT"
"AGGAG"
"CCTAC"
"TTCAT"
"AAGCT"
"CCGGG"
"ATCTG"
"TTGGT"
"CTAGG"
"CAGAC"
"CACCC"
"AGAGA"
"TAGAA"
"CCGTC"
"TTCTT"
"ATGAG"
"CATGT"
"TTCTT"
"CCGGC"
"TACTA"
"ACACA"
"ATGTT"
"GCCGG"
"TTGTA"
"GGCAG"
"TTTTT"
"GGAGA"
"TTCTG"
"TTTTT"
"TACAT"
"CAATC"
"AAGGA"
"GTTTC"
"GTCGT"
"GTGTT"
"GCGTC"
"GAGTG"
"ATGCT"
"CTCCT"
"GGGAA"
"GGCGC"
"CCTGG"
"CACGC"
"TATCT"
"CCGGT"
"CATGC"
"CTCTA"
"GGGCT"
"GCTCT"
"AGATA"
"ACCTC"
"AAGTT"
"TAGAG"
"GTCCC"
"TTTTT"
"ATATT"
"GTAAT"
"AGGGC"
"ATTAG"
"ACTTC"
"CCTCC"
"AGAAG"
"TATTG"
"ATGCC"
"TTGCA"
"AGCTG"
"CGTGC"
"TTCGG"
"ACCAG"
"GCATA"
"ACCAC"
"AGAAT"
"CCCAA"
"GCCGG"
"ACTCT"
"GGCCT"
"TTTCC"
"CCGGG"
"TTAAA"
"CCAAG"
"GATAG"
"AGGGC"
"AAAAA"
"AAAGG"
"CACTT"
"TTTTA"
"GCTTC"
"ATGTC"
"GTTTT"
"AGCGG"
"AGAAC"
"CTATA"
"GACAG"
"CTGCT"
"CAGCC"
"TTTTG"
"TCCAA"
"TCACT"
"TTTTT"
"AGATA"
"GTGTA"
"ATTTG"
"GTAAT"
"TTTCG"
"GTCAG"
"AAGGA"
"ACCCT"
"ACACC"
"TACGG"
"TATGT"
"CTTTA"
"ACACT"
"CAAAG"
"CAGCC"
"GAGCC"
"CGCGT"
"ACGTA"
"GAGGG"
"TCGTT"
"TCCGC"
"ATGTT"
"TTTAA"
"TACAG"
"TTATT"
"AACAG"
"TCCTC"
"CCTCC"
"TCTGC"
"TACAT"
"AATTT"
"TACCA"
"TACCC"
"GTTCT"
"ATATG"
"TACAC"
"GGGGG"
"TCCCT"
"TGGGA"
"TCGCA"
"CGGAG"
"GCGGG"
"AGTTG"
"AGCCT"
"ATTAG"
"TTAAG"
"TGAGC"
"GCAGA"
"CAGGC"
"GGGGT"
"CAAAT"
"ACGCC"
"CGTCC"
"CCAGG"
"CCTTC"
"CTTGT"
"GGTGT"
"CATGC"
"AGTGA"
"CCTGG"
"GGCAC"
"CTAAA"
"ACACC"
"GGAAG"
"AACCC"
"TCAAC"
"ATGCT"
"AGTGA"
"GAGTC"
"CAATG"
"TATCT"
"TTTAC"
"CAAAA"
"TCTGG"
"TGGAC"
"TTAAT"
"GCTGA"
"CGCCC"
"TGTTC"
"ACCCC"
"GTCCC"
"TTTGT"
"TTTCA"
"ACAGC"
"CAAAA"
"TATAC"
"ATCCA"
"TCTAC"
"TGCCA"
"TCCGC"
"AATAG"
"TCTAC"
"GTCGA"
"ATCCT"
"GCTTG"
"CACGA"
"ACAAG"
"TCTGG"
"GATCC"
"CCATC"
"TAGGT"
"TCGCC"
"TCGAG"
"TCTGA"
"GCGTC"
"CCAAA"
"GTAGA"
"GACGG"
"TGAAA"
"ACTGG"
"TGTGG"
"ATAGG"
"CATCG"
"TGTCT"
"AATCT"
"GAAGC"
"AATGT"
"ACTGG"
"AAAAT"
"GGGAA"
"GACCA"
"ACGTT"
"AAGAA"
"GCAGG"
"CTGTC"
"CCCGA"
"ACAGG"
"GCTGA"
"CATGG"
"CTTTC"
"AGCTT"
"TCTAC"
"GAGCA"
"ACCGA"
"TTGAG"
"GGACA"
"CCGTA"
"TATGC"
"CTTTG"
"TCTCT"
"TCATG"
"TATAA"
"GGGGT"
"CCCCA"
"CACAC"
"AAAAA"
"TTCAT"
"ATGTC"
"GTACA"
"TTAGC"
"CCGGC"
"GGCGG"
"GATGC"
"TGGAA"
"AACAA"
"CAGCA"
"CATTG"
"TGATG"
"ACGTG"
"AATTG"
"CATCT"
"GCGTA"
"CCATT"
"TGCAG"
"AACAG"
"TGATA"
"CCGAG"
"TCCCA"
"GGCGA"
"AATGT"
"TTATG"
"CCTTA"
"GGCTA"
"CTGTG"
"TCTTT"
"ACGCC"
"CACGC"
"AGTCA"
"CGCCT"
"TTTCC"
"CTGAG"
"CCGAG"
"GCGGG"
"GCAAA"
"CTATA"
"TCCCT"
"ACCGA"
"AATTA"
"CGCGC"
"TGGGG"
"CAGCT"
"GGTGC"
"ACGGC"
"GAGCT"
"CATAT"
"CCCGA"
"GACCC"
"AGGGT"
"CTCTC"
"TGTAA"
"GTTCA"
"TCCTC"
"TCATG"
"CTATC"
"AATGG"
"TCAAA"
"CCTAG"
"TCTTC"
"CCAGG"
"TATGA"
"TCCTA"
"TCGGG"
"ACTCA"
"TATTT"
"CAGTG"
"CATTT"
"GAGCA"
"GCACG"
"GACGG"
"AATAG"
"GGGTT"
"TCTCA"
"GGCAG"
"ACGAT"
"TGCGC"
"CTGTT"
"CATGG"
"TATGT"
"GTAAG"
"GTATC"
"ATTGA"
"CAGTA"
"ACCTT"
"GCCGC"
"CCACC"
"TTGGC"
"CAGGC"
"TCTTC"
"CAACG"
"CCCTT"
"CCAGT"
"GGTAG"
"TCATA"
"CCTTC"
"CAAAA"
"CCATT"
"CCAAG"
"TGTCA"
"TTAAA"
"TAACT"
"ACCGC"
"ACTAA"
"TTCGT"
"GAGAA"
"CTAGA"
"GGCAC"
"AATGC"
"CTCCC"
"CATCC"
"ATGGT"
"CAATA"
"GAAAG"
"TAATA"
"GGGGT"
"GAGCA"
"CCCGT"
"AGTTG"
"TTTCC"
"ATCTG"
"ATTTT"
"GACGG"
"TTATT"
"CTTCC"
"ATAGA"
"AAATA"
"AAAAC"
"AGGCT"
"ATCAA"
"GCAAT"
"AACTG"
"GCAGG"
"AGCGC"
"AGGAT"
"TCGCT"
"AAGAT"
"CTGTA"
"CACTC"
"ACTAG"
"CTGGT"
"TTGCA"
"AGGTG"
"TCCGT"
"TTACC"
"ATCAA"
"GCCAT"
"CTAAT"
"CCAGG"
"TGCGA"
"CAGAG"
"TACTG"
"CTTCC"
"TAGGG"
"CTGAG"
"CCAAT"
"GATGT"
"ATGCA"
"TGTGA"
"TCGAG"
"CGAAT"
"GGTAT"
"CTGTA"
"GGATT"
"AACCA"
"GAACA"
"AAGCT"
"CCTGA"
"GTCAG"
"GGTGG"
"TTTGG"
"TGAAG"
"AGCGG"
"GGTAT"
"AGAGC"
"AATTT"
"CCGAT"
"GCAAT"
"AGTTC"
"TGGGG"
"GTAAA"
"TTATA"
"CCGTT"
"ACCAA"
"ATGCT"
"GCCCT"
"TACGT"
"TTTAA"
"CCGTC"
"CCGCA"
"GATAG"
"GCCCG"
"CATTG"
"ACATA"
"TCTGG"
"CACAG"
"GATGG"
"CCCAT"
"TCACC"
"CATAT"
"TACAC"
"GTCCT"
"TGCTC"
"TTCGC"
"GTCTG"
"CCGTT"
"TATGG"
"TAAGG"
"TCCAG"
"AAAAT"
"TTCCA"
"GAAGC"
"GTATA"
"CACGT"
"AGATT"
"TAGAT"
"CTGCC"
"TCTCT"
"TATAA"
"AAGCA"
"CAGGA"
"TTTTC"
"AATTA"
"TCATT"
"ACCGG"
"TGTTG"
"CCATC"
"AACCC"
"TGTCT"
"CATGA"
"TTTGG"
"GCCTG"
"GGGTG"
"AGTGT"
"ATTTA"
"AATTC"
"GTGGC"
"ACGTA"
"CATAG"
"AGTTG"
"GCTGC"
"ATAGA"
"AATCC"
"TGGAA"
"CACGC"
"ACCTC"
"TGCTA"
"AACGA"
"AGATG"
"ACCAT"
"CTGAG"
"CCGTC"
"AGATG"
"ACAAA"
"TGCGG"
"GGCAG"
"GACGG"
"TGTGA"
"ATCTT"
"TCTTA"
"GAGAC"
"CCAGG"
"AATGC"
"CCTCT"
"TGGCA"
"TAATT"
"TGTCT"
"AGTAG"
"GGGGC"
"GGAGA"
"AATAT"
"AGTCC"
"ACGTG"
"ACGCT"
"GTCAA"
"GTATT"
"TAAGT"
"TACAA"
"AGAAA"
"CTCGC"
"GTATG"
"CTAAT"
"GGGTT"
"GAAAA"
"ACCTA"
"ATAAC"
"CATAA"
"CAGTG"
"CACCA"
"ACCGA"
"TGGGA"
"TTAGC"
"CCTGA"
"CAATG"
"ACGGA"
"GCGCA"
"TGATG"
"CTCAG"
"CGCGG"
"ACTTT"
"AAATT"
"GTATT"
"CTCCT"
"TATAA"
"TACAA"
"TTGGT"
"AACTG"
"CACTG"
"TCTGC"
"CCCCA"
"CATAT"
"CTAGG"
"GCCTC"
"CAGTG"
"ACGCT"
"CTGTG"
"AGCGA"
"CAACC"
"GCAGC"
"CTCAC"
"TTCAT"
"CACGC"
"GCAGC"
"AAGCA"
"ATGTG"
"AATAT"
"CACCA"
"CAGTG"
"TATAG"
"GGCAG"
"GCGGC"
"CGGGG"
"TTGTG"
"CCGGT"
"GATTT"
"AACGT"
"CATCC"
"TCGCT"
"CTTGG"
"ATATT"
"TTTGG"
"GAATA"
"ACGTT"
"GGTCT"
"GCTGT"
"AATTG"
"GAACA"
"GCCGA"
"CTTGT"
"AAGAT"
"GCATA"
"CGCCA"
"GAAAG"
"GATGT"
"CCGGT"
"TATAC"
"CCAAT"
"ATTCC"
"TCCTC"
"ACATC"
"CAGGG"
"AGAGA"
"GTGTT"
"GTGTC"
"GTGCC"
"AGGGC"
"TCGGT"
"AGCGG"
"ACGCT"
"TATGT"
"CACGC"
"CATTT"
"CTGCC"
"CCAGG"
"CTGAA"
"ACGCA"
"CGGTC"
"AACCC"
"AACGG"
"TTATT"
"CCCGA"
"ACGGG"
"GGCCT"
"ACGTG"
"CCTTA"
"ACATG"
"AGTTG"
"AAGAA"
"AGGAC"
"TTAGT"
"TCTGT"
"GCTGT"
"ACCGG"
"CACGC"
"ACAAT"
"AGTTA"
"ACAGT"
"TCGCC"
"TGCAC"
"AACTG"
"GCGTG"
"TGTGT"
"AACGA"
"TGCTG"
"CCCGC"
"GAATG"
"GTACA"
"GTGAG"
"AACTT"
"CCGGG"
"GCACC"
"CTTGG"
"TGTTT"
"ATCGC"
"ACCCT"
"GGACT"
"AACTC"
"CTGGA"
"GCCGG"
"CTGTG"
"TTCAG"
"GAGGA"
"CTGTC"
"AGCGT"
"CTACC"
"TTTAT"
"CCATG"
"CCATG"
"TTTTC"
"ATGCC"
"AACGT"
"GCTGA"
"AGGGG"
"CTTCT"
"CAGCT"
"ATGCA"
"TCTGC"
"GACGA"
"TATGG"
"TCCTT"
"CAGGT"
"GCTTT"
"AAGGC"
"ATTTC"
"AATGT"
"ACTGT"
"TTGTG"
"GTGAA"
"TGCTG"
"CAAAT"
"CCAGT"
"GCTGT"
"AGGGA"
"GGTGC"
"GTATG"
"GAATC"
"TTTCA"
"CACCA"
"AGCAC"
"TATAA"
"TTTAC"
"AGGTA"
"AAACT"
"AACAA"
"CATCA"
"TACTG"
"CGTGT"
"TTCAT"
"GGGCA"
"TAATT"
"TTTGG"
"ACAAA"
"CTTGA"
"TGCAT"
"TAAGA"
"TGCCC"
"GCGAT"
"ATACT"
"GATCT"
"AATTA"
"CCACC"
"CCATT"
"ATATA"
"TGATG"
"CAAAC"
"GAGGC"
"TACTT"
"GATGT"
"CCGGT"
"CTGTT"
"CAAGC"
"TACTC"
"TAATC"
"ATAAA"
"CCTGT"
"TTTCC"
"AATTA"
"AGAAA"
"CACTA"
"TTATA"
"TCGCT"
"TTGAA"
"CCATT"
"GAGCT"
"TTTCT"
"ATGTA"
"AAACA"
"ATACA"
"AATGG"
"CCCGA"
"AATAG"
"CACGG"
"TTGAA"
"CAATC"
"GCAAA"
"TAAAG"
"GGGGG"
"CTGTC"
"GGGTG"
"CATCC"
"TTAAT"
"CAGAC"
"GTTTA"
"TGTAT"
"CAACG"
"CAGGC"
"GCACC"
"AATGG"
"GCACG"
"CCTGA"
"ATGTT"
"CAGTA"
"CACGT"
"CCCCC"
"GGACA"
"GTTCT"
"TGCAG"
"AAATA"
"AGTTT"
"GGGGT"
"CAAAC"
"ACCTT"
"CACGC"
"TGAGT"
"TTTAT"
"TATCT"
"GAGCC"
"CCACG"
"AGACT"
"TAGCT"
"CCTGC"
"CAAGA"
"TAGGA"
"CTTAC"
"CCCTC"
"ACACA"
"ATTGT"
"GAGGA"
"AAGCA"
"CACAC"
"ATCCA"
"TTGTT"
"TACTC"
"ACTTC"
"GAGTA"
"CACGT"
"CGCCT"
"GATGC"
"TCATG"
"TCCCT"
"CAGGC"
"GAATG"
"TTTGC"
"CCCGA"
"AGGCC"
"TTCTC"
"CTCTC"
"GGAAT"
"AACCT"
"GCATG"
"GTATG"
"TTATT"
"TACTG"
"CCGGG"
"AGCGT"
"GATTG"
"CAACA"
"TATAT"
"CACTG"
"CCCAT"
"ACCGG"
"GACAG"
"GGCGG"
"GGTTT"
"CAGCC"
"CAGGT"
"GATTT"
"AGGGA"
"GTGTT"
"GGGGA"
"GAGGT"
"GGACG"
"GGCGC"
"TGAGG"
"GAGTG"
"GTTCT"
"CATGG"
"TGATT"
"AGGCA"
"CTCGA"
"GCCAC"
"CTGGT"
"CCGCC"
"GGGCA"
"AAAAT"
"TCCCG"
"CCATG"
"AACAG"
"AACTT"
"TGGAA"
"CACCA"
"TGGAT"
"TAACA"
"AAATT"
"CGATG"
"CTTGG"
"ACTGG"
"AGCCC"
"AGCGA"
"ACCTT"
"AAAAT"
"GAGTG"
"CAGAT"
"AGCAG"
"CCTGC"
"AAGTC"
"TACAT"
"GAACT"
"AAGAA"
"CATTC"
"CTTTG"
"CACTT"
"GACGC"
"AGATG"
"GGTTA"
"TCTAA"
"GAGCA"
"TTGTG"
"AAGGA"
"GGAGC"
"ACTGG"
"GCGAC"
"GCCCC"
"TATGC"
"TACGA"
"ACTGG"
"CTAAT"
"CCTTG"
"ACGCC"
"AGCAG"
"GCTGG"
"AGTGG"
"CCTGC"
"CTGTT"
"TACTC"
"CTACC"
"GGATC"
"TTATT"
"AAACA"
"CATCC"
"AGACA"
"ACCCT"
"TCGCG"
"AAACT"
"TGGGA"
"CTCTT"
"TGTTT"
"TAAAG"
"CTTCA"
"GGCGG"
"GACTC"
"ACGTC"
"GTGAC"
"GAGAA"
"AAGAG"
"TATGA"
"CCTGG"
"AAAGT"
"GGGTG"
"AACAC"
"GAACT"
"ACGCC"
"AATAA"
"TTCTT"
"ATAAA"
"AAAAA"
"CACGC"
"TACGA"
"CTGAT"
"CGACG"
"CATTG"
"TGCGC"
"TCAGA"
"AGCAC"
"GGGCA"
"CCAGG"
"TTACA"
"CTTGT"
"TGCCT"
"GGCTT"
"TCACC"
"GGGGA"
"TCAGC"
"CATTT"
"GCGCA"
"ACTTA"
"AGGCA"
"AATCC"
"ACGGC"
"ACCAA"
"CCATG"
"CTTGT"
"TCAGG"
"GCCGA"
"AGGAT"
"TCCCT"
"CAGCC"
"CTCCA"
"CATGC"
"AAGCA"
"ACGAA"
"ATGTT"
"TGCCT"
"ATAAA"
"CTCGA"
"AACGG"
"TCCTC"
"CTCCT"
"GACAT"
"GCTCC"
"CCGCC"
"AGCAC"
"TGATG"
"ACAGA"
"GATAA"
"TACCT"
"CTATG"
"TCAGG"
"CTCCA"
"GCCGA"
"TTTGG"
"GCAGG"
"TTCCT"
"GCCCA"
"TCCTC"
"TCCGC"
"GTGGT"
"ACGGT"
"GAACA"
"GCAGA"
"TACCC"
"CAGGG"
"CGGGT"
"CCATC"
"ATATA"
"GACCA"
"CCGAG"
"ATAGC"
"CTATT"
"TCGAG"
"ATAGG"
"AGACT"
"GATTC"
"CTATG"
"AGGAC"
"TTAAA"
"GAGTG"
"ACGGC"
"GCGGA"
"CGGGC"
"GACAG"
"TGATA"
"ACGTC"
"TGGGC"
"TTCAG"
"AGACC"
"CTACA"
"GCTGC"
"TTTCC"
"CAGCT"
"GTACA"
"CCTGG"
"AACAA"
"GATTG"
"TTCTG"
"CGTCC"
"GAAAT"
"TCCAG"
"GATAG"
"TCATA"
"TCCAG"
"AGTGG"
"ACCAT"
"GCGTC"
"GCTGG"
"ATGGC"
"GGTGA"
"TGGGG"
"CCGCT"
"TTGTT"
"TTATT"
"AATAA"
"GGAAG"
"GTAAA"
"AACGA"
"TCTAC"
"TTAGT"
"AGGCC"
"TGCGG"
"GCATA"
"CTGAT"
"GTCAA"
"CAATA"
"AAATC"
"TTAAC"
"CTTAT"
"CAGTG"
"AAGGA"
"CCGGG"
"TGCGG"
"ACGAA"
"TTCCT"
"TCTTG"
"ACATC"
"AATGT"
"CCTGC"
"TTCCT"
"CTCTC"
"AGGAA"
"TCCCA"
"ATATA"
"GCCTC"
"AAAGG"
"GGGTT"
"CCTTG"
"CAAAT"
"CCCAT"
"CCCCG"
"AATTG"
"TGCCA"
"GGTCA"
"CATGT"
"TCCCA"
"CCGGA"
"ACACT"
"CCTTC"
"TTCGA"
"CCCCA"
"CCGCC"
"TAACC"
"ACCTG"
"TGGCG"
"TTGGT"
"CAGGA"
"CCGCC"
"AGGCT"
"ATGCA"
"ATACC"
"TGGCC"
"CTGGC"
"GTAGG"
"CCGCC"
"GCTCC"
"TACTT"
"GGCGG"
"GGGCT"
"CTGCA"
"CACAC"
"TCATG"
"GACAT"
"AATGG"
"AATAG"
"TTTAT"
"CCGGC"
"TTGAA"
"AGGGT"
"ACATG"
"ATTCA"
"GACGT"
"AACAA"
"TGAGA"
"AGACT"
"CTGTC"
"GTATC"
"CCATC"
"CAAGA"
"TTGGG"
"TTAAA"
"GGGCC"
"TGCAG"
"TCGTT"
"CCCCC"
"GGAGT"
"TTTAG"
"TTTTT"
"CAGTG"
"ACTTT"
"TACAC"
"CTATC"
"TCCTC"
"AGGTT"
"CTCCC"
"TCTCC"
"CAGGA"
"GGGAC"
"TGCAA"
"TCTGA"
"CTCAG"
"CTGTG"
"TTGCT"
"TACTG"
"TACAC"
"CTCTA"
"TGCTC"
"TTCTA"
"GATTA"
"TGAGA"
"GGGGC"
"TCTTG"
"TGTAG"
"TGCGG"
"TGTGC"
"GCAGT"
"GCCGG"
"AAGTA"
"CACCT"
"TCTTG"
"TATAG"
"ACGGT"
"TTGTT"
"CCCCC"
"TCAAT"
"GCGCT"
"AATTG"
"CGGTC"
"GACAC"
"GCCGG"
"CCCGC"
"GCGGC"
"GGGTG"
"TCGAA"
"GGGTT"
"CTCGT"
"GCTAG"
"GGGAG"
"GGGTT"
"ATTGT"
"CTATT"
"AGCCA"
"AACCT"
"AGGAT"
"ACGGA"
"TCAAT"
"TGTTG"
"AAACC"
"TCTTA"
"ACCTC"
"AGGTT"
"ATCCG"
"ACGGA"
"CGCGG"
"GACAG"
"TGCTG"
"CAAGC"
"TGGCT"
"GGCAG"
"CTAAC"
"CAAAT"
"CCCAA"
"CTTAT"
"AATTA"
"CACTG"
"CTATT"
"AACTC"
"CATTC"
"CAGGT"
"TCTTC"
"ACATT"
"AACGC"
"TGGAC"
"CACAG"
"AGCGG"
"TGACT"
"CTCCC"
"AGTTG"
"TATCC"
"TGGAT"
"AATAA"
"GCAGT"
"CTAAA"
"GCCAA"
"CCGAT"
"TGTGC"
"TTGTC"
"AGCCC"
"GCCTC"
"CATAT"
"CCTAG"
"GGCAC"
"GGGCC"
"TTTTA"
"TCGTG"
"CTGGG"
"CACAG"
"CAGTG"
"ACAGA"
"AGTGC"
"TAGGA"
"TTATG"
"GTATG"
"TGCAT"
"GACGC"
"CAATG"
"ACCGT"
"CCTGG"
"TACGT"
"AATGT"
"AGGGG"
"AGTCA"
"CCTCA"
"GCGTG"
"CTGTA"
"TATAT"
"GGGTA"
"TTTTG"
"TGCAA"
"AGCCC"
"ACGCC"
"TTTCT"
"GCAGA"
"TCGGC"
"GCGTC"
"ATTTT"
"TAACA"
"CAGAT"
"GTACA"
"TCTAG"
"CCAGC"
"TAGAG"
"AGTTC"
"TGTGG"
"AGCCC"
"GACTG"
"TAAAA"
"TAGAA"
"ATCTG"
"ACGCT"
"CTGCC"
"TTCCT"
"AAATC"
"GAGCT"
"TTCAA"
"CCATT"
"AGCCC"
"TCAGC"
"AGGTG"
"GGTGT"
"CTGGG"
"TCGGG"
"GGACA"
"ACATC"
"TTGTT"
"GACGT"
"ACTTG"
"CAAAT"
"ACCGT"
"ATGAA"
"TGAGA"
"ATGTA"
"ACCTA"
"GCGCA"
"TTATA"
"AAAAA"
"CATCC"
"TCATC"
"GAAGA"
"GATAT"
"CTGCA"
"GGTCT"
"TGCGC"
"AGCGC"
"TCCGC"
"ATATT"
"CCAAC"
"CTAGC"
"GCGTC"
"AAGAA"
"GAGAG"
"CTGTC"
"TCAGA"
"TGTAG"
"CACCT"
"AATCT"
"ACGTG"
"ACCTT"
"ACGAG"
"TCATT"
"AAGCA"
"TCGCC"
"GGGCG"
"CTGCT"
"GACGT"
"CGGGG"
"CTGTT"
"GCACA"
"GAGTA"
"GATTC"
"GTTCC"
"ACAAA"
"TGAGG"
"TTATA"
"TTTCA"
"AGCCA"
"GAACC"
"GTCCC"
"ACTAT"
"CTCTT"
"GGATG"
"ACCTC"
"AAATT"
"GCGGG"
"ACCCA"
"CTTGG"
"CAAGA"
"AATCT"
"CCGTA"
"TGGTG"
"CCCCT"
"TCTGG"
"GCGTG"
"GTCTT"
"GCCGG"
"AACGT"
"GTTAG"
"GATTT"
"TATGA"
"GGAAA"
"CCCCA"
"CTCAG"
"CTCCA"
"AGTCA"
"CGCTC"
"TGGCA"
"TGGGG"
"GAGTG"
"ACGGT"
"ATATA"
"AGCCG"
"ATGAC"
"ACGAA"
"AAAAC"
"CACTC"
"TGGGG"
"CACAC"
"GCCTG"
"AGGCA"
"GCTTT"
"TCGAC"
"TGCAC"
"GGGAG"
"CCATG"
"TGGGA"
"GGAGT"
"CTCAT"
"ACGTA"
"TTGTA"
"TGTAA"
"GATCC"
"CCATC"
"CAAAA"
"GGAAG"
"AGGCT"
"TGATT"
"TTTTT"
"CCCCC"
"CAGTG"
"CTATT"
"ATGTA"
"TGTGG"
"AAAAC"
"GTGCA"
"CACTG"
"TTGTT"
"CCTCA"
"CCACC"
"CATGG"
"CATCT"
"GACGA"
"CTTAA"
"CCGCC"
"GGACT"
"GCACA"
"ACGCC"
"CCACT"
"TACGT"
"CAAAA"
"ATGTA"
"AAGCC"
"CAGCG"
"CAGTA"
"AGTCC"
"ATTAT"
"AGAAG"
"CAGAT"
"CAGTG"
"GACAC"
"TACCT"
"ATTAA"
"CCGCC"
"TAGCA"
"GCGAG"
"GGGGC"
"AGCAG"
"TCTAG"
"TATCA"
"GCCAG"
"GTGGT"
"CCGTG"
"TCAGG"
"GCACC"
"CACAG"
"TTTAA"
"AATAG"
"CTGTT"
"TGGGG"
"GTAAC"
"AAGCA"
"CATAT"
"AGATC"
"AGGTA"
"TATGC"
"CTACA"
"AAAGT"
"AATCA"
"GAGGC"
"GCAGA"
"GGTCT"
"ACTAA"
"AAAAT"
"GGTTG"
"CCACG"
"CGAGG"
"AACAA"
"GGCGG"
"CATAA"
"TCGGT"
"ATGTG"
"AGCGA"
"CTGTT"
"GACGG"
"GTCTA"
"TTATT"
"GAGTG"
"CATGG"
"TCAGC"
"CCCGT"
"AGAAA"
"TATAC"
"GGCGG"
"GCGTT"
"CCCTT"
"CCGTT"
"GAGCG"
"ATGGC"
"AAACC"
"TTGAG"
"GGCGG"
"AGCTA"
"AGCGA"
"GCGGA"
"TGCAA"
"CAAAT"
"ACCAT"
"CCGTA"
"TCCTC"
"AGCCA"
"TCATG"
"TGCGT"
"CCGTG"
"GATGC"
"GGTTG"
"TGTGA"
"AGCTT"
"TCACT"
"TGAAA"
"TCCGT"
"CAGCA"
"CCACA"
"TCCAC"
"TTTGT"
"AAGAA"
"GCAAG"
"ATTAA"
"AAGAA"
"CATGA"
"GCCGA"
"AACTG"
"GGTGC"
"CCTCT"
"TTTCA"
"GGTTT"
"TGACA"
"CATCT"
"CATGT"
"TTCAT"
"TAGAG"
"TTGCT"
"ACACA"
"TCCCC"
"TCTGC"
"CACGC"
"GAGTT"
"TCCCA"
"GACGC"
"GCCGG"
"CTCAT"
"CACTG"
"TCCTA"
"AACGA"
"TGATG"
"CCTGG"
"GCGCC"
"AAGTC"
"AAAGA"
"AGGGG"
"TAGAT"
"GCAGT"
"AAAAT"
"TAGAA"
"ACAGG"
"CCGAG"
"AGCCT"
"CCCGC"
"TCACC"
"TCTCT"
"TTTTC"
"CCCGA"
"TTTTA"
"GCTCT"
"ATGGG"
"TCTCC"
"ATGTA"
"ACCCC"
"CTATC"
"GTCTG"
"CCGTT"
"CTGTT"
"TTCTG"
"AGCCT"
"TATGC"
"TCCGC"
"AGCGC"
"GAACA"
"GGCCT"
"TACTG"
"GAGAC"
"GGTGG"
"TGTCA"
"AGGGG"
"TCAAA"
"TGTGA"
"TCTGC"
"CCATT"
"AACTG"
"AACCA"
"CTGGT"
"CAGGG"
"TATAG"
"CTATG"
"TGCTG"
"TCCGC"
"TTAAT"
"ATGTT"
"GACAG"
"AGGGA"
"AACTT"
"TTATT"
"ATGGG"
"AGATA"
"TGGAA"
"AATAG"
"TTAGA"
"ACCTC"
"TTATT"
"CTTCA"
"GATGA"
"CTCCC"
"AACAA"
"AATCT"
"ACAGG"
"CTCCA"
"GGTCT"
"GCCTC"
"TTCTC"
"TCCCT"
"GGCGC"
"GTGTA"
"AGTAG"
"GGGCT"
"CCCTT"
"TTCGC"
"ATCCA"
"ATTGA"
"TATTC"
"TATAA"
"CGTCT"
"TATCT"
"AGGTG"
"ATGGC"
"GGAGA"
"AAGTA"
"CCGGT"
"GCACC"
"CTCCA"
"ACATT"
"TTTCC"
"CACGG"
"GCCCC"
"AATAT"
"AAACC"
"CATTG"
"TCCCC"
"AAGTC"
"TGCGG"
"TACGT"
"TACGT"
"CTGTG"
"GAGGT"
"AAATC"
"GAGGG"
"ACGCG"
"TGTTA"
"CCATG"
"ACTGT"
"AGCGT"
"CCCGC"
"TCCCA"
"GGCCT"
"CAAAC"
"TCGCC"
"CACGG"
"TGATG"
"TGTAC"
"CCCAG"
"GGAGA"
"GAATG"
"CCGCC"
"ACTAT"
"TATAC"
"GCGTA"
"CACGT"
"GGTGT"
"CCGCC"
"ACGGC"
"ACTTA"
"GCCCT"
"AGCCA"
"ACTAA"
"ATGGT"
"AGCCT"
"CAATA"
"AAGAA"
"AGGGG"
"TCCCT"
"TTGAA"
"TTCGA"
"CCGGG"
"GCAGA"
"CCCGA"
"GCGTG"
"TTAAT"
"TCGGT"
"CTCGG"
"AATGT"
"GAACT"
"AGCGT"
"AAGCC"
"CCTTT"
"TTTTT"
"GTGGA"
"TATGG"
"GGCGT"
"AGGTT"
"GGCAG"
"TCATG"
"ACTCT"
"CCTCA"
"CAGGG"
"GCCAC"
"GAGTA"
"AATTT"
"CCGGG"
"GATAG"
"AGAAT"
"TCTGC"
"AACAA"
"AATTT"
"CCGTG"
"TAAAT"
"AGTTA"
"ACATT"
"CCGCC"
"CTAAA"
"CTGCT"
"GCGCC"
"TGTGC"
"TTGTC"
"CTCTT"
"GCGGG"
"ACACC"
"AAAAG"
"ATTTG"
"AACTA"
"GCGCA"
"TACAT"
"CCTCC"
"ATTGT"
"GTGAT"
"TCCTG"
"TGCAC"
"CACGC"
"CAATC"
"GCTCT"
"GCAGT"
"TGGAG"
"CCGTG"
"GAGTG"
"ACCTC"
"AAAAA"
"TTTGT"
"AAGTC"
"CTACA"
"CAGGA"
"ACGTC"
"GGGAT"
"GATTC"
"GGCGA"
"GGCAA"
"TCTTT"
"TTTTG"
"AACCT"
"ACCAC"
"CCCGG"
"TCGGG"
"ACCGG"
"GCAGC"
"TACAA"
"GTGGG"
"GTGCG"
"CCACT"
"CCGCC"
"ACGTG"
"CCTAA"
"GGACT"
"ACCCT"
"TTCAA"
"CAGGA"
"GGTTT"
"AGCAC"
"CATTC"
"TTTAT"
"CACTT"
"GGGTG"
"GGACG"
"CCTGC"
"AGCTC"
"TAGTC"
"TAGTA"
"ACATA"
"ATTGT"
"TTCTT"
"TCCTG"
"CCCTC"
"TGCTT"
"ATCGC"
"ATAAA"
"TCCGG"
"CATGT"
"CCGTG"
"CATGG"
"CCGCC"
"GCCAT"
"AATTA"
"TAGTC"
"GGAAG"
"TTGTG"
"GTTTT"
"CAAAA"
"ATACT"
"CAGTC"
"ATATC"
"CCTAA"
"AGGCA"
"ATAAA"
"TTAAA"
"AAGCA"
"TTTTT"
"CCAAA"
"CAGAG"
"CATGC"
"CACCC"
"GTCTT"
"TTGTG"
"GCAGA"
"ATGCC"
"ACAAC"
"CATTA"
"TACAA"
"TCGAA"
"AGAGT"
"AACCT"
"TTCCT"
"AATCC"
"GTTTC"
"GTAGT"
"GCGTG"
"ATCAA"
"ACCCC"
"GTGCA"
"TGCGT"
"TTATG"
"TTATT"
"AGGGT"
"TTTTA"
"AGCCT"
"TCAGT"
"TACAA"
"ACCTC"
"AACGT"
"AGCGG"
"GGTTT"
"CTCGG"
"AGATG"
"GCTTT"
"CCCAT"
"TGAGA"
"CCGGG"
"TTGAG"
"GTTTT"
"TCTGT"
"TGAAC"
"CACTC"
"AATTT"
"AGGTG"
"CCGCA"
"AACAA"
"TGCCT"
"TGTTT"
"TGCTA"
"TCGAG"
"CCGTG"
"ACAAT"
"CCCAG"
"AACTT"
"CACGC"
"CCAGC"
"CCATC"
"ATGAA"
"AGGCT"
"CAGTC"
"AGGTT"
"AAGAG"
"CCCAG"
"CGTCC"
"GCTGC"
"GGCCT"
"ACCTT"
"TCTAT"
"GTGAG"
"CTTGT"
"ATCTT"
"AGCGC"
"TCCCT"
"AGCGA"
"TTAGA"
"GAATA"
"GTAGG"
"CTCTC"
"GTGAG"
"TATTT"
"TATCT"
"CCTAT"
"CATTG"
"TTAAT"
"CCATA"
"GACGT"
"TCGCC"
"CCATT"
"CCCAC"
"ATAAG"
"CTTAG"
"AGCCT"
"ACTCG"
"TCTCA"
"GGAAG"
"GAGAT"
"ACCGG"
"TTCGA"
"CTGCC"
"TCATC"
"GCAGG"
"ATTAT"
"CCGCT"
"GGCCT"
"ACTAA"
"ATGTT"
"CTCGT"
"ACGGA"
"AGTGC"
"AACTG"
"TGAGC"
"CTAAA"
"AAGCT"
"TGCGA"
"TGCGG"
"GAAGC"
"GACGG"
"AACGT"
"GGTGT"
"CTGCT"
"AACAA"
"CCCGC"
"ACGTT"
"CCCTA"
"CAGCC"
"TTATT"
"CACGC"
"CCTCT"
"CACGC"
"TAGAG"
"GTTCT"
"GTTAA"
"GGAGC"
"CCGGT"
"TCGCC"
"CTGGT"
"TCGGT"
"TAAAT"
"GCGAT"
"AGATG"
"GGTGC"
"GCGTT"
"CCGCA"
"TGGAG"
"CCCAG"
"GAAGC"
"CCGGC"
"CTGAT"
"TTTTG"
"CCGCA"
"CTTTC"
"AGCGT"
"CTCCT"
"CTAGA"
"TATAG"
"CTCAC"
"GATGT"
"ACCTG"
"ACCAT"
"CCCCG"
"GCTTG"
"AGATG"
"CTATG"
"TGTCT"
"AGGGT"
"AATGT"
"TCCCA"
"CAGCA"
"TTGTC"
"CTTTT"
"AACGC"
"AAAAA"
"TTTTC"
"AGCGT"
"TGCGG"
"ATGTG"
"TGATA"
"CCGGT"
"ACTGC"
"AAACT"
"TCCTT"
"CCCGG"
"TACTA"
"GGGTC"
"TTTAT"
"GCAGA"
"CCGAG"
"ACCGG"
"CTATT"
"CTTGG"
"TGGAA"
"TCCGC"
"CCTTC"
"TCCCC"
"AACTA"
"ATGTA"
"GTGAG"
"TTTAG"
"TGTAT"
"AGCAT"
"TGTGA"
"AGGGA"
"GTATA"
"CTAAT"
"TCCTG"
"GTAAT"
"AGGGA"
"AACAA"
"AGTTA"
"GAGTA"
"ATGCA"
"TCCGT"
"GCAGG"
"CATGC"
"GTACT"
"AAAAA"
"TTGTA"
"TATAA"
"CACCC"
"CGCAC"
"ACTGA"
"TATGT"
"CCCAT"
"GCGTG"
"GGCCC"
"ATATA"
"AAGGA"
"AGATC"
"GTGAT"
"GCTGT"
"AAACT"
"TTCCC"
"CTTCC"
"GGCAG"
"GTGTG"
"TTATA"
"ACTCA"
"GGGTA"
"GCCGT"
"AGTTT"
"GCGCA"
"TATAA"
"GAACC"
"AACAG"
"GAGGT"
"CCGTC"
"CCCGC"
"CACGA"
"GTGTA"
"CAATG"
"CACTG"
"TATAT"
"GCGGA"
"CAGAA"
"TCAGG"
"GCAGG"
"ACAGG"
"CTCAA"
"TCCAG"
"TATTG"
"TCAAA"
"AGGGG"
"GCCCC"
"GAAGA"
"AGCTG"
"CAAGT"
"CGTCA"
"TTGTG"
"GATAC"
"GCGTC"
"ACGAA"
"CCAGC"
"AGACA"
"TCAGT"
"CACGG"
"TTCTT"
"TATAA"
"TTTGG"
"CCAAA"
"GTCGA"
"CTTCT"
"CTACA"
"ATGTT"
"ATCGT"
"CTGAG"
"CTACA"
"GAGTG"
"CCGCC"
"TCAGA"
"AGTGA"
"AAGTA"
"GCGTG"
"GGATT"
"TGAGG"
"GCGCC"
"AGCGC"
"ACTAA"
"AGGTG"
"AACAA"
"TATAT"
"CAGTA"
"CGATG"
"GGATA"
"GGGGC"
"TACAC"
"AAAAA"
"CCTGG"
"TGTGA"
"AATTT"
"CCGGG"
"CCGCC"
"TTGAA"
"TTACC"
"GAACA"
"TTAAA"
"TTCGA"
"TTCTA"
"AGGTA"
"GGTAG"
"TCTTT"
"CAGTC"
"GGCTG"
"GGTAG"
"TTTAA"
"TTTAA"
"ATATT"
"GGGTC"
"TCCGT"
"TAATT"
"AATTA"
"CCGAG"
"GTGAC"
"AATCT"
"TGTAC"
"CACGC"
"CCCGC"
"ACAAA"
"GTATG"
"TAGTA"
"GCGAA"
"TTATC"
"TAGTT"
"AACAG"
"CTAAC"
"AGGGA"
"TCACC"
"ACTGG"
"CTAAT"
"CATCT"
"ATACC"
"AAGTA"
"GTGGG"
"CTACA"
"TGGGT"
"CAGCA"
"GGCGT"
"AGTTC"
"GCGCC"
"GTCGG"
"AGCGC"
"GATGA"
"GAGGC"
"GGGAC"
"AGTAT"
"AGAGG"
"AAATG"
"AGGGA"
"TACTG"
"ACATA"
"CTGGG"
"AGGCA"
"ATGAG"
"GGATA"
"CTCAG"
"CTCTG"
"CTCGA"
"GTCCC"
"GCACA"
"CCCTG"
"TATCT"
"GCTGA"
"AGCAG"
"TACCA"
"TCTTA"
"GCGGG"
"TTTTG"
"TGGGG"
"GTAAT"
"ACCAC"
"CTCGG"
"TGTAT"
"AGGGT"
"AACTG"
"CTATA"
"ATGTA"
"GCGAG"
"TTCTG"
"GTACC"
"TGTTT"
"TCAGC"
"TTCGG"
"TATGA"
"AACCT"
"TACGT"
"CCCCA"
"GTCGT"
"TGGGC"
"GCAGT"
"AAGGA"
"ACCGA"
"TATCT"
"CCGAG"
"GACAA"
"AATAG"
"ACCTG"
"CCAGG"
"TTCAA"
"GACGC"
"GGTGA"
"TAATA"
"CCACC"
"TTGCA"
"ACACA"
"GGCAA"
"CTTGT"
"AACAC"
"AATGG"
"CAGGC"
"GAAAT"
"ATATA"
"TTGGA"
"AGAGT"
"GAGGA"
"TCCGA"
"AAGAC"
"GGCGG"
"GCTCT"
"AAGAA"
"CCCGA"
"CTGAA"
"TCCAG"
"CTGTC"
"GCGAC"
"ACGTG"
"CCGCG"
"CTTCA"
"CCCGG"
"GTGTA"
"TACCT"
"GAGTG"
"CGCGG"
"AATCT"
"CACGG"
"AATTT"
"GTTGT"
"CCTGG"
"AAGAG"
"TGATC"
"AGCTT"
"GCCGG"
"TACAT"
"AAGAT"
"TTCTA"
"CACAC"
"GTAGG"
"TGGGG"
"GGCAG"
"TCCTA"
"AGACA"
"CAAAA"
"CAAGT"
"TATAC"
"TTATT"
"TTTAC"
"ACCCT"
"CCCTC"
"ATAAA"
"CCGCA"
"GGGTC"
"GGGAA"
"GGGCG"
"CATGA"
"TTTTT"
"TGCAA"
"GACAG"
"TTATC"
"AAAGA"
"CAATG"
"CCGGG"
"GGACC"
"CACTA"
"ACGTA"
"GGCAT"
"GGCCT"
"TCTGT"
"CAAGA"
"CCCCG"
"ACGCA"
"TGGGT"
"TCTTA"
"AAATT"
"ACGCT"
"CCTGG"
"CAAGT"
"CGCCC"
"CAGAA"
"CCGCC"
"TATGG"
"TACGA"
"CTTCC"
"CACGG"
"ACGGT"
"CCCAC"
"TGGCG"
"CAAAT"
"CACTA"
"TCAGA"
"CCTCC"
"GGGAA"
"GTACC"
"GCTGG"
"ACCTT"
"GGCAG"
"GGTGG"
"CTCGC"
"AATAA"
"GGGAC"
"AGCTT"
"CAAGG"
"CAGAA"
"CTGGA"
"TTAAT"
"GTCTG"
"CTCGG"
"TCGCA"
"CCGTC"
"ATCAC"
"TATTA"
"ATTAA"
"TGCGG"
"TCCGC"
"TGCTG"
"TGGTA"
"CCAGG"
"ACGCA"
"CTCAA"
"CTGTA"
"CCTGG"
"ACACA"
"AAGCC"
"CCTCT"
"CTATT"
"AATCT"
"CCACG"
"TCGGT"
"TCCTG"
"ATCAG"
"TTTGT"
"TGAAT"
"AGATG"
"GGCGT"
"ACCAA"
"GACGG"
"TAATC"
"TATGT"
"AAAGA"
"GGCCT"
"TTAAA"
"CTCGA"
"TGGCT"
"CAAAC"
"CCGAG"
"TGATG"
"CAGGC"
"TTTCT"
"AGGGT"
"AAAAC"
"CTCCC"
"GCATC"
"AGGGA"
"AACCT"
"GGGAA"
"TCTGC"
"TAGCA"
"ACTCC"
"CCACT"
"GGGGA"
"GTTAG"
"CAACA"
"AGCTT"
"ATGCT"
"ACAGC"
"GCGTA"
"ACTAT"
"TTAAA"
"CCTAC"
"CCATC"
"TACTT"
"AGGTA"
"ACGTA"
"CGAAG"
"CACGC"
"ATGGA"
"AAATT"
"GGAGA"
"ATCCA"
"TGCTT"
"GCAGA"
"CTCGC"
"ATGTA"
"ACAGA"
"TTTTT"
"CCACT"
"GCGGG"
"CCACC"
"CAGAG"
"ACGGA"
"TGGGT"
"TCAAT"
"ATCGC"
"TTAAA"
"TTCTG"
"GTCCG"
"CATAT"
"CTCGG"
"ATGTA"
"GGGGC"
"GCTGT"
"GCCGG"
"GCTTT"
"AAGAA"
"TCTAC"
"TGCAA"
"CCGGG"
"CTCTT"
"CTTGG"
"TTTTT"
"GCCTG"
"CCGAC"
"TAATG"
"AACAA"
"TCTGG"
"CGCCC"
"CTCCT"
"TTATC"
"CCACA"
"ATGGG"
"TGCCA"
"CCATG"
"TGTTG"
"ACCAC"
"AAATA"
"TATTT"
"GGTTG"
"ACCAT"
"GCAGG"
"ATATT"
"GGTGC"
"ATCTA"
"TAGCT"
"AACCA"
"CCAGC"
"TCACC"
"TTATA"
"CCGTC"
"TTAAA"
"CACCC"
"TAAGA"
"AGGGA"
"AAACA"
"CTCTG"
"TGGTT"
"TAAAT"
"TACGA"
"TAATT"
"GGAGA"
"AAGAT"
"CTCCT"
"ACTTT"
"CCGCA"
"ACGCA"
"AAGAT"
"CCGAA"
"CATTT"
"AACTG"
"CCACT"
"ACATG"
"AACTT"
"CCATG"
"AACCA"
"TGGTA"
"TGCAT"
"AGCTT"
"GGCAA"
"CTCGG"
"TATAC"
"CTGCA"
"CTGCA"
"ATGGT"
"CTCAT"
"ACTGT"
"AACAT"
"TGCGG"
"GAGGT"
"AGCCT"
"TTGTT"
"TTCAG"
"TGGCC"
"GGAAT"
"ATTGC"
"CTTGC"
"TATCT"
"CCAGT"
"CCGCA"
"GCGAC"
"TCCTC"
"TAAAA"
"ATTGT"
"GACAG"
"CCGTG"
"GGGTG"
"ACCTG"
"CCCTT"
"GCAGC"
"AGGTT"
"ATAGT"
"TATGT"
"TTGAT"
"TCTTT"
"CTTGG"
"ACATA"
"TAGGA"
"AGCTC"
"GGGTT"
"GCAGT"
"CAGTT"
"TACCC"
"TCACT"
"CACTG"
"CATAT"
"ATTTT"
"CTGTA"
"AGGGG"
"GCGGG"
"CCGGG"
"GGCCT"
"TCAGA"
"CTCTC"
"AGCTT"
"ACAAG"
"TTGAA"
"AACAA"
"GGTGA"
"ACGAC"
"TCACT"
"ACATC"
"TTGGT"
"TACTC"
"TCCCA"
"GCAGC"
"AGGCT"
"TTTTA"
"GTAAA"
"GCAGT"
"CCAAC"
"ACTGA"
"GGTAA"
"CCGCC"
"CCGGG"
"CTGTG"
"TTGGC"
"AGTCT"
"CTGTT"
"CATCT"
"CATAA"
"CTCCT"
"AATTG"
"TCACA"
"GGTCA"
"GTGGG"
"CAGGG"
"ACGAA"
"CACGC"
"CAGTA"
"AACAT"
"CAATG"
"TGCAG"
"GCGAA"
"CGCGC"
"AAAGC"
"CGGGC"
"CACCC"
"CTTGG"
"CATTG"
"AGTAG"
"TCAAA"
"TAAAA"
"AATGT"
"GGAGC"
"TGCGT"
"TTCAG"
"TACTG"
"GAGGA"
"AAAAA"
"AATGT"
"GGCCG"
"ATTTC"
"ACCAA"
"GTGAA"
"CTATT"
"TCCTG"
"GCACC"
"TGGGA"
"ATGTA"
"GCACC"
"ACGGG"
"TGTCT"
"AAGAA"
"TAGGG"
"CAGGG"
"TATAA"
"GTTTT"
"TAGGT"
"GGGGC"
"TATCT"
"TTGGG"
"GACCT"
"GCTGA"
"GACCC"
"GATTT"
"ACATC"
"GTGCC"
"ACAAA"
"CCCCC"
"CCGTT"
"GAAGC"
"ACGGA"
"GACGA"
"TTCCT"
"ACTTT"
"GCTGA"
"TGGCA"
"AAGGA"
"GGCTT"
"CTCGA"
"CTTGG"
"CCGCC"
"GGGGT"
"CCACC"
"GGGTT"
"CACGC"
"TAGCG"
"TTTTC"
"TCGTC"
"AGCAG"
"TATAC"
"ACCTA"
"TGTAT"
"TCTGC"
"AACAT"
"AGATC"
"GGCGT"
"CTATG"
"AGCGA"
"CAATT"
"CCTAC"
"TTCCT"
"GGTTA"
"TACGC"
"CCCCA"
"GGATC"
"GGCAG"
"CCGAG"
"TCGGC"
"CTATC"
"CCAGG"
"TCGGC"
"AAGAA"
"AAATA"
"TTCAT"
"AACGA"
"TTTTT"
"ATAGA"
"GCACA"
"GGGTT"
"CCCGC"
"GTAGT"
"ATGGT"
"AACAG"
"AAGTC"
"ACAGC"
"ATTTA"
"TCACA"
"ACTTT"
"CTAAC"
"CCCAG"
"GGATC"
"ACTCA"
"GGGCC"
"CCCAG"
"AATTG"
"CTTTC"
"GAGAA"
"TCTAA"
"TAAAG"
"TGGAG"
"AAGAG"
"CCAAT"
"ACAAC"
"TGCCT"
"TCTCT"
"GTCTC"
"TGGCC"
"AATTT"
"GCGGG"
"ATTAT"
"GCAGC"
"GTATG"
"CAGTC"
"AAGTC"
"AGGGA"
"ATAGC"
"TCGGC"
"GTGGA"
"ACATT"
"ATGAC"
"CAGTG"
"ACAGC"
"TGAAG"
"ACGTG"
"TACTT"
"TCCCC"
"TAAGC"
"GGCAT"
"GATCC"
"CCGGA"
"CATGG"
"GCATC"
"ACATT"
"CCCAG"
"CCCCT"
"CCCCA"
"CTCGC"
"GGCGG"
"ACATT"
"CCCTT"
"GGGTG"
"TCATC"
"TCAGT"
"CAGAT"
"TCGTA"
"TATAA"
"ACCGC"
"ATCTA"
"GCAGA"
"AGCTG"
"CTAAT"
"GCGGT"
"AATTA"
"TGTGC"
"CAGGT"
"TCCGA"
"CACCA"
"AGCCG"
"TCGCT"
"AACGC"
"CACAG"
"GCCGG"
"GATCT"
"AATTT"
"TCGTG"
"AGCTG"
"TTTGT"
"TGCAC"
"CATTG"
"CACGT"
"ACTGC"
"ACGTG"
"TGGAA"
"AAAAT"
"CTCGG"
"CAGTA"
"CAAGC"
"TCTGG"
"GCGTA"
"ACGTA"
"CTACT"
"CACCT"
"ACACC"
"TTCTC"
"GATCC"
"TATTG"
"CAAAA"
"TCATT"
"CGCAT"
"TCTCC"
"GGAAA"
"TCGTT"
"TATTC"
"TCGTA"
"AACTT"
"AGTGG"
"CTGTC"
"ATCTT"
"GGGCA"
"TTAAA"
"TATTT"
"CAAAA"
"TGCGA"
"CACTG"
"TGTTT"
"CCGTG"
"CCGTG"
"TTTGG"
"GCCAG"
"AAAAA"
"TATAT"
"AAACA"
"CTCGG"
"AAAGC"
"GTGCA"
"TACAA"
"GCAGG"
"ACGTC"
"AACAT"
"TTTGT"
"GGAGA"
"CCATA"
"GCTTG"
"CACCA"
"CCTCA"
"ACAGA"
"TAGTC"
"TCGTT"
"GGTTG"
"GACAA"
"CACCT"
"TAGCT"
"CATAG"
"GGGCT"
"ATTCC"
"TCTTG"
"CCCAC"
"AGGGT"
"GCGTT"
"GGTTG"
"ATGGC"
"CCATT"
"TAGTG"
"GATGC"
"GGGGC"
"GGTCA"
"ATTCC"
"TAGTA"
"TACAG"
"CATAC"
"GGAGG"
"CTGTA"
"TTATT"
"AAGAG"
"CAACA"
"AACCC"
"AAATG"
"GCAGT"
"TTTAC"
"TAATA"
"CACCA"
"AGCAG"
"CATAA"
"GGAAA"
"GTTGT"
"GTACA"
"GAGTA"
"GAGGC"
"ATCTC"
"TCAAT"
"GGGCA"
"TCGAA"
"CCGGA"
"TCTTA"
"AAAAG"
"TTGAC"
"TCATC"
"CCGCA"
"ATTCA"
"GGAAC"
"GATAC"
"CGGGA"
"CCATG"
"GAATG"
"ACGCC"
"TACGC"
"GATGA"
"TGAAT"
"GGGAT"
"TGCAT"
"AAGTC"
"CACGC"
"GACCT"
"CCTGT"
"TCGCC"
"TCGCT"
"CTGTC"
"GTACT"
"TCCAA"
"CCCCA"
"GAACA"
"CACCA"
"TTGCT"
"AGAGA"
"TTGAG"
"ACGAC"
"ACGCA"
"CCGGG"
"CTTGT"
"TTATT"
"GCGAC"
"GGACG"
"CTGGT"
"CCACA"
"TCATA"
"CCGTC"
"AACGA"
"AAATA"
"GTCGG"
"AGAGT"
"AAAGA"
"CCCGC"
"TATTT"
"CCGGG"
"TGATT"
"CTGAA"
"CCCGG"
"GAACA"
"TTGTA"
"TGCGA"
"CTTGC"
"TGGCA"
"GGCAT"
"ACGAA"
"ATTAT"
"CCCGG"
"ATCTC"
"TGGCA"
"AACAA"
"AGCAG"
"AGATA"
"AGCGT"
"CACCA"
"CACGC"
"GGTTT"
"CATGT"
"TGCTG"
"TCCTG"
"ACACC"
"GAGAG"
"TACTA"
"TGACC"
"AACGG"
"CCAGC"
"ATGTT"
"TTCTA"
"CATCA"
"GGGCA"
"AGTTC"
"TGCTG"
"GAAAT"
"CCCCT"
"GGGTG"
"CACGG"
"CCGGG"
"TTGCC"
"TTAAA"
"CCTGT"
"GGTAT"
"TGCAT"
"CTTCC"
"TATTG"
"TATTC"
"CCTAG"
"TTTAA"
"AATAA"
"CCATT"
"TTGGA"
"CATTC"
"GGGAA"
"AATGT"
"ACACA"
"GGAAA"
"AAGGC"
"GAACC"
"TTCTT"
"CCCGG"
"GTATC"
"AAATG"
"GTATA"
"CACCC"
"ACCAT"
"GGCTG"
"GGATG"
"CCATA"
"AGCCA"
"GGACC"
"CAGGA"
"GATTT"
"CAGAA"
"GCAGT"
"CAGCG"
"TACGT"
"CATTG"
"TGTCA"
"TTGGG"
"CCGGG"
"CTCTT"
"GGAGT"
"TACAG"
"AGATT"
"TTGCA"
"CCCGT"
"GCATG"
"TTCGT"
"TGGGA"
"GAAAG"
"TGGTG"
"ATACT"
"CACGG"
"ACCCT"
"TTTAG"
"TAATA"
"GATTT"
"ACGTA"
"ACGAG"
"CAGCC"
"GCGTG"
"GTGAG"
"CCTTA"
"GAAGA"
"AGATC"
"CGTCC"
"GAATT"
"AAAGG"
"CAAAT"
"CTACG"
"TGCAA"
"GCCCT"
"ATCTC"
"AAGTG"
"GGTTG"
"CCTCT"
"CTTAT"
"ACGTA"
"GCGCG"
"TCAAT"
"GCACT"
"GTTTG"
"GTAGT"
"CCTAG"
"GACTG"
"CTCCT"
"CTATC"
"ACACC"
"TAGTC"
"TGCGC"
"GATAG"
"CCCTG"
"GAGTG"
"AAAAT"
"TCCAA"
"TAAAT"
"AAGAT"
"CATAG"
"GGCGG"
"AGGCA"
"AATAG"
"ACTCT"
"GAGGA"
"GAGTC"
"AACTT"
"TCAAG"
"ACTCC"
"TTATT"
"GGCTC"
"ATATT"
"TCGCT"
"AGATG"
"CATGT"
"ATGGT"
"TGCGT"
"CTATG"
"ACCGA"
"ACCAG"
"ATTAC"
"CAGTG"
"TTCAG"
"GCGTT"
"CAGGA"
"GCGAG"
"CTCAG"
"TCCCG"
"GGGTA"
"TATTC"
"TCGGC"
"TGCCT"
"CTGTG"
"CCGAT"
"TCGAG"
"GGAAT"
"AAAAG"
"CTCTT"
"TGGAC"
"TCCTG"
"AATTC"
"TATTG"
"CAACC"
"GGGAT"
"TAGGA"
"TCAAC"
"ATTGC"
"CACTA"
"CCATA"
"AGTAG"
"TTGTA"
"GTATG"
"GGCAC"
"AATTT"
"ATAGT"
"TACCT"
"CTGCT"
"TATAT"
"CAAGC"
"CCTAC"
"CAGCA"
"TCATT"
"TCTTC"
"TGCTA"
"GAGCA"
"AAATC"
"TCCTC"
"TTGGC"
"GAAAT"
"AATTG"
"AGCTT"
"CCCGG"
"GGGTG"
"CACAC"
"TTTAA"
"GCGGG"
"CACCT"
"ATCCT"
"ACATC"
"ACTGT"
"AAAAA"
"ACGTG"
"TGTTT"
"CCGGA"
"GCTAA"
"AGCGA"
"ATGAT"
"TCAAA"
"AAAGG"
"AGTGC"
"TTATC"
"TAGAG"
"GAGTG"
"TGCGG"
"GCTAT"
"CTGTT"
"ATAAT"
"CTGGA"
"ATGTA"
"TGCGT"
"TGTGT"
"CCCGT"
"GCCGC"
"GAGTC"
"CAATT"
"ACATC"
"GAGTC"
"CCATC"
"CATGC"
"CCCCT"
"TTAAG"
"GCATG"
"CCAGC"
"ATTCC"
"TTGAA"
"TACTG"
"GCGTG"
"ACTGT"
"GGTTG"
"ATGGT"
"AAAGA"
"GTGGA"
"CGCTA"
"ATGTG"
"GAAAA"
"TAACA"
"TAAAA"
"CTGCA"
"GCGGT"
"ACCGG"
"CGTCC"
"GTGTG"
"TCTGT"
"AGTGC"
"AACTA"
"TGAGC"
"GAGCT"
"GCAGT"
"CACGA"
"CCCCT"
"AATAC"
"CCGCT"
"CCTGG"
"GCGAG"
"AGGCA"
"ACTAG"
"AGCAA"
"CTACT"
"AACCA"
"TTTTT"
"TGCTG"
"CCACA"
"CAGGG"
"CTGGA"
"CCGAG"
"ATAAT"
"CAAGG"
"TCATA"
"GACTG"
"GCCGG"
"GGTTG"
"CATAA"
"GGTAT"
"TTATG"
"ACGCA"
"TAGAT"
"CACGC"
"AGCGC"
"ATGGT"
"AGGCC"
"AAAGA"
"ACGGT"
"TCGCG"
"AAGAA"
"GGAAA"
"CAGGC"
"GAGCA"
"CTGTT"
"GCCGA"
"AGGTG"
"TCATC"
"AAGAC"
"GCGTA"
"CTAAG"
"TTAAA"
"ACGAT"
"CAAGG"
"ACATG"
"GATGG"
"TCTGT"
"GGCGC"
"CCGAC"
"GCGGG"
"AAAAA"
"ACCAT"
"TATTT"
"AGGGA"
"AGTCG"
"GACGA"
"GATAG"
"TCTGT"
"TTCTT"
"AATAG"
"ATCGA"
"GGCAT"
"CTAGA"
"ATCAT"
"CAAAT"
"CCTGA"
"GCAGT"
"AGGGG"
"GGAGA"
"CAATC"
"ACTGC"
"CAAAT"
"ACCCA"
"AGCAA"
"GGGTG"
"TAGCA"
"AAATT"
"CATGA"
"TGTGG"
"CGGCA"
"ATCGT"
"ATGAA"
"ACACC"
"GAACT"
"GGTGC"
"AGCGA"
"AGGAA"
"GCTAA"
"TTGAC"
"CATGT"
"GGATC"
"CGTTG"
"TTATT"
"AAAAT"
"ACATC"
"TACGT"
"TTATT"
"TTTAC"
"CCCCA"
"TGAAA"
"CCATG"
"CTGCC"
"GGGCC"
"AATCA"
"AAGGT"
"GGCGC"
"TCGGT"
"GTATG"
"AGAAT"
"CCACA"
"AGTGG"
"TTCAC"
"AAAAG"
"CCACC"
"CAGTG"
"AACAG"
"CTAGT"
"GATGG"
"TCTAA"
"TGGAG"
"GCTGC"
"CTACA"
"TTGAG"
"ACCAG"
"CATGT"
"CTAAA"
"CGTCC"
"CATGC"
"AAACC"
"CATTC"
"GATGG"
"TGGGG"
"ATTGA"
"CTGGG"
"AACGT"
"GGGAA"
"ACAGC"
"ATTAG"
"CTGTG"
"CCCTC"
"AAGGG"
"GCGGA"
"ATGAA"
"ACCGG"
"GCCGG"
"TCCCA"
"GATTT"
"TGCCG"
"CGTGT"
"AGGGG"
"CCCTC"
"GAGAG"
"ATCTT"
"GCTCA"
"ATCGC"
"AATTG"
"TACAA"
"GTCTA"
"TCCTC"
"TTAAC"
"CCCAC"
"CTCCA"
"TTGCC"
"ACCGA"
"TGTCT"
"AAGCT"
"TCCTG"
"TGAGT"
"GCACG"
"AAGCA"
"TACAA"
"ATTTC"
"AAGTC"
"TGCCC"
"GTGTT"
"GGGAG"
"TTTCA"
"TTGCA"
"TTTTT"
"CTAGA"
"AAAAG"
"TACGA"
"GCTGA"
"ACCAG"
"TGTGG"
"AGACT"
"CAAGA"
"TACGA"
"TCATG"
"GGAGT"
"GGCCT"
"GACTA"
"CCCAA"
"ACTGC"
"CCGGG"
"GCATG"
"GCTGG"
"CCCGC"
"AGAGG"
"CACGA"
"ACTCA"
"GCAGT"
"TCAAA"
"TTAAT"
"TGTGT"
"AGTAA"
"TCCGG"
"TGTGT"
"TGAAT"
"CAGTC"
"TAATT"
"GACCC"
"CCACA"
"TAGTC"
"GTTTT"
"AAAAA"
"GCTCT"
"ACCGA"
"TGTGA"
"GAGGG"
"TGACA"
"CTCGG"
"GCTAA"
"TGCGA"
"CCGGA"
"AGACC"
"TTGCT"
"TTCGT"
"AATGG"
"TAGTC"
"AGAAC"
"TCGGA"
"GCCAC"
"TCTTT"
"TCTAC"
"AAACC"
"TGCGG"
"CGGGG"
"TCCGG"
"TGCGC"
"CAAAT"
"CATTG"
"TATAC"
"ATAGT"
"AAGAA"
"ATCAG"
"ACGAT"
"GACGA"
"ACCGT"
"TACGG"
"AGGTA"
"TTTGT"
"TCCAT"
"GATGG"
"TGCTG"
"CAGAG"
"GCATG"
"CATAC"
"TTGCA"
"TGATA"
"TACTA"
"AAGTG"
"GCGGG"
"ATCCT"
"ATTAT"
"GCATG"
"GAGGA"
"GAGGC"
"AGCGC"
"ATGGA"
"ACCCC"
"GAAGC"
"ACTGC"
"TGTCA"
"CGAAA"
"AGACA"
"AAGGC"
"TACCT"
"AACGA"
"GATAT"
"CCATG"
"TTCAA"
"GACGT"
"CCGCA"
"GGGGT"
"AACTT"
"TCAAA"
"TTTAA"
"TCGAG"
"GCGAA"
"TTATC"
"AACCC"
"GTACC"
"AGGGT"
"GGGCA"
"GAGTG"
"GGATC"
"CACTA"
"AGGTG"
"TCCGT"
"GCATT"
"GTGGT"
"GGGTG"
"ACGGG"
"CTACA"
"TAAGG"
"TCGGG"
"GCACC"
"GAGTC"
"TCGGA"
"CATCA"
"AATGA"
"TCAAA"
"TTCTG"
"CGGAC"
"AGTTT"
"CAATA"
"TTGTT"
"ATTGT"
"TCAGT"
"GACTG"
"TAGGA"
"TAGGT"
"GGTGT"
"CTTGT"
"AGGCT"
"TCGGG"
"TAGGA"
"GCTAG"
"CTTTA"
"CCGAG"
"AGGCC"
"TGTGT"
"TCCAC"
"GGTGC"
"CCGGC"
"CATAT"
"ATCTC"
"AACGG"
"GCAGT"
"AACAC"
"TACAG"
"GGAAC"
"CGAGA"
"GAGGG"
"TTATA"
"AAGTG"
"GACAA"
"ATCAA"
"AGAAG"
"TTTTG"
"TTCGC"
"AACAT"
"GGGTG"
"CAGAA"
"ATTCC"
"ACGGA"
"TATTT"
"GATGA"
"TCACA"
"GATGA"
"CTACA"
"CCGTC"
"TTCCT"
"GTGTG"
"ATATA"
"AGGTT"
"AAGCA"
"CATAT"
"GTATA"
"TCGTA"
"TACAC"
"GGCGG"
"TACGA"
"TACTA"
"GTTAT"
"AATCT"
"CAAAT"
"GGCGT"
"TGCAA"
"TCGGA"
"TTGAC"
"CCGTC"
"AATCG"
"TCCTC"
"TCAAG"
"GAACC"
"TTCTT"
"ACGGA"
"TGCGC"
"CCGCT"
"ACAAT"
"CTTTG"
"TGGTA"
"TGATT"
"CAGTC"
"TGCCC"
"TTAAG"
"GTGTG"
"CCGTT"
"CATAT"
"ACAAA"
"CTGTG"
"TTGCA"
"TCAGT"
"GGCTG"
"CCGGG"
"CACGT"
"TACCT"
"ACGGA"
"TTTGT"
"TACTG"
"TCTCA"
"AAAAA"
"ACCAA"
"TGTTT"
"GCGCT"
"CCCAC"
"CTGGA"
"ATGCA"
"CCCAG"
"TCCAG"
"GAAAG"
"CCCCC"
"GCCGT"
"TCCCT"
"AGTGT"
"CCCGT"
"GACAA"
"AGGGG"
"ACATT"
"CATTG"
"CCATG"
"TCGTA"
"ACCTG"
"CCCGG"
"TACGT"
"TTCTT"
"CAAGT"
"ATGGA"
"ACTGT"
"GGCCC"
"ATACA"
"CCGAA"
"CCCGA"
"CGGGT"
"ACCAT"
"TGCTA"
"GACTA"
"TTGAA"
"TTGCC"
"CCGAG"
"GCACC"
"ACCTC"
"CATGA"
"TCGGA"
"CACTT"
"CACCA"
"GCACC"
"ACATG"
"TCGCT"
"TGGCT"
"TATCC"
"ACCAT"
"TGGAA"
"ATATT"
"AATCC"
"CAGGT"
"ACAGA"
"TTAAT"
"CAGAT"
"CATGT"
"GCGTG"
"CAAAA"
"CAGAT"
"CAGGC"
"AGCTC"
"TCGGG"
"TGCCC"
"CACAC"
"GACGG"
"CCAAA"
"CCGTC"
"ACTGA"
"TTCTT"
"CCAAA"
"GATGT"
"ATGGA"
"CAGTC"
"CCCAA"
"CGCAT"
"GGTTG"
"CGCGC"
"ACGGC"
"GGTAT"
"ATATA"
"CCCAA"
"TTCAA"
"AACCC"
"CCCAG"
"AAATG"
"TATAA"
"GAGCC"
"TGGCC"
"GCCCA"
"TGTTT"
"AAGGT"
"TTGTG"
"TAGAA"
"GCGGC"
"GCAGT"
"CCACT"
"TGCAT"
"CTTAG"
"CGATC"
"CCGCA"
"AGAGG"
"ATGGG"
"ACGTT"
"TAGCA"
"CTCTG"
"CACAC"
"CCGCC"
"AGGCA"
"AAGTG"
"ATATA"
"CCTAA"
"ATCGC"
"GGATG"
"AGGAA"
"GCGGG"
"GGGAC"
"TGCCT"
"TATTA"
"CAATA"
"GGAAG"
"AATGG"
"GATCT"
"TGCTT"
"GTGAG"
"CCGTC"
"TGCTC"
"CATCT"
"CCGGG"
"TCGCC"
"GCAAA"
"ACGAG"
"GGTTG"
"ATAAT"
"CTGTG"
"CGCCC"
"CAATT"
"ACTGT"
"TCACT"
"TGGTG"
"GATGT"
"AATTT"
"CACTA"
"CCGCC"
"ACGAG"
"CTGGT"
"ATGCA"
"TCTCA"
"TGTGA"
"TCGAT"
"GGAAG"
"TGATC"
"AGAAG"
"AGTCA"
"AAATG"
"ATAGT"
"CTTCA"
"GGTTG"
"TTAAC"
"ACGCT"
"TTGCT"
"CTCTA"
"AAAAA"
"GCCGA"
"AAAAA"
"AGGAG"
"CAAAA"
"TCGGG"
"TAAGA"
"CACTG"
"CTGAG"
"CGGGG"
"CTACC"
"CCACC"
"AACGT"
"GAGCT"
"GGTGC"
"CTAGA"
"CCATT"
"GACAT"
"GTTGG"
"AGTTC"
"AGCAA"
"CACTT"
"TTTTT"
"AGGCA"
"ACGCG"
"ATATA"
"GAGAT"
"AACCT"
"TCATT"
"TTCGT"
"ATCCA"
"TGCTC"
"TGGGT"
"CCTTC"
"TCGAA"
"TCTGG"
"CCCTG"
"ACGGA"
"ACACA"
"TGCAT"
"CCGCC"
"GCTTG"
"GCTGC"
"GTATC"
"GGCAG"
"GTCTT"
"TTATT"
"AATAG"
"CCACC"
"CCAGG"
"ATTAA"
"TGGAT"
"CACAC"
"CACCT"
"AGATC"
"TCGGT"
"TATAT"
"ACCTA"
"AGCAA"
"GATGC"
"GGTGC"
"CTAGC"
"GACTC"
"CACAC"
"TCAGC"
"CCAAC"
"TCTAA"
"CAACT"
"AATTG"
"GAGTT"
"TTCGA"
"AAACC"
"GTACT"
"TCGTC"
"GATCT"
"GACAG"
"ACATA"
"AACCT"
"ATATA"
"GACAA"
"AACAC"
"TGATT"
"CATTG"
"AATGA"
"CTGAG"
"AGCAT"
"AAGTT"
"CTGCT"
"CCGGG"
"GTTCT"
"TTGCC"
"ATGGT"
"CATTC"
"TCATA"
"TACGA"
"TTAAA"
"TGCTT"
"TTCGT"
"CCACT"
"CCGAC"
"TTTAT"
"GATGC"
"GCTGT"
"GACAG"
"CTATA"
"AAACA"
"GGTGT"
"ATGTA"
"CCAGT"
"GAATA"
"AGGAA"
"ACGCA"
"CATGT"
"TGCCT"
"TAATG"
"CATCC"
"TGTGC"
"AAACA"
"GCTTT"
"CACGT"
"CCACC"
"CAGCA"
"CTGCT"
"ATACT"
"TAAAT"
"GAAAT"
"CTCTC"
"TCCGC"
"CCTGA"
"GGACT"
"GCGTC"
"CCTGG"
"AAATG"
"GTTAA"
"CGTCT"
"GGAAT"
"GCCAG"
"CAGTA"
"TATCA"
"CCATA"
"ATGTA"
"TAATA"
"TGGCA"
"CATTT"
"GGCGT"
"TTACA"
"ATATC"
"GGCCT"
"TTATA"
"CTATA"
"ATGGT"
"GCGCT"
"GTCAT"
"ATTCA"
"AGGTA"
"TACGC"
"TGCTC"
"CGCGC"
"TGGTC"
"GGTGC"
"TTGAA"
"CGCCC"
"ACTTG"
"ACTAT"
"GAGTT"
"TACAC"
"GATGT"
"GTTTG"
"AAACA"
"CCCGC"
"TAATT"
"CAAGG"
"AAGGG"
"ATTAT"
"CTCAG"
"GTGCT"
"GCACA"
"TCAAG"
"GCCAC"
"CTCAG"
"CCAGA"
"GACAT"
"TGCAG"
"CCTTG"
"CACTG"
"TCGGC"
"CTCAC"
"CAGTT"
"TCGTA"
"TCCAG"
"CCGGC"
"ACGGT"
"GCCTG"
"ATGTC"
"GAGTG"
"TATTG"
"CCTTG"
"CCGTC"
"TCCGT"
"CAGAG"
"AATGG"
"GTGGA"
"TCTGC"
"CACCC"
"TGGCT"
"CAGAT"
"ACCAC"
"CAGGA"
"GACAT"
"GGGTT"
"AACGG"
"TGCCT"
"TTTGT"
"GGAGC"
"TAAAT"
"CCGGC"
"GTTCC"
"GGGAG"
"ATCCA"
"GAGGT"
"TCTGT"
"GACGA"
"TATCA"
"CCGCA"
"TGTCT"
"AACGC"
"TCAGG"
"TGTGC"
"AATAG"
"TGTGA"
"GACGG"
"ACTGT"
"GACAC"
"CACCC"
"CTTGG"
"TTGTT"
"TCAGG"
"GCCGG"
"ACTGA"
"TCCCG"
"GCCTT"
"AAAAA"
"TCATG"
"AACCC"
"CCAAA"
"ATCGC"
"AATGA"
"TGTCA"
"CGAGG"
"AGTTG"
"TCAGG"
"TGGGA"
"GTAAA"
"CATTT"
"AGCAT"
"GGCGC"
"GCCGA"
"ATCTT"
"GCCGG"
"AACCC"
"ATACA"
"CCAAG"
"CCCTG"
"ATCAA"
"TCAGT"
"CCAAT"
"AACAT"
"TTGTT"
"TGACT"
"CTTAG"
"TCCTT"
"TTCAC"
"TAATA"
"CAGCC"
"GACTC"
"TTTGG"
"GACAA"
"TTCAG"
"TTAAG"
"AACAA"
"CACGG"
"GTTGT"
"TGTCA"
"ACGTG"
"ACGGG"
"TTTAG"
"AGGGG"
"ATGGT"
"TAGTG"
"CTGGG"
"GCGGT"
"GACGT"
"ATCAC"
"AGGTT"
"ACCCA"
"GCATG"
"CTAGA"
"GGAAG"
"AGGCA"
"ACGGC"
"AGGTC"
"CCCTG"
"GAGTA"
"ACCGC"
"GACGA"
"GCGCC"
"TCGCT"
"TGGGT"
"CCCTT"
"TATTA"
"AAGAA"
"GCACA"
"GTGTG"
"GCCCA"
"CTGTC"
"CAGCT"
"GGCGC"
"GTGTT"
"AAGAA"
"GCGGG"
"GGGGT"
"CTTGA"
"TTTTG"
"CTAGC"
"CACAT"
"GGAAA"
"AGCTG"
"TTGTT"
"AGACT"
"CATTG"
"TCATT"
"ACCGA"
"TCGGC"
"AGGAA"
"TTGAC"
"ACTTG"
"GTTTT"
"GTGTA"
"GTTCA"
"AGGTG"
"TGTTG"
"ACAGT"
"TTTTT"
"ACGAT"
"CTATA"
"TTACT"
"ACGGA"
"GATCT"
"GTGGC"
"CCACT"
"CCCGG"
"GTAGT"
"TGATG"
"GACAA"
"AGCGG"
"TTCGA"
"ACGGA"
"TGTTT"
"ATTCC"
"CCGTC"
"CATAA"
"AACCT"
"AGTGA"
"GTTGG"
"ATGGG"
"AAGTA"
"GATCA"
"ACATA"
"ATGGA"
"CCCGG"
"CACCA"
"CTCTG"
"TGACT"
"ACTTA"
"CAATG"
"TTAAT"
"CTTAG"
"AGTAG"
"GCGAA"
"TACTC"
"GACAA"
"GAACA"
"CGACT"
"CCGGC"
"CCATT"
"TCATG"
"TAGGT"
"TCCTT"
"ACGCC"
"GCGTC"
"TCGGG"
"TTTAT"
"GGGGG"
"GCTCC"
"CATTG"
"TTTCT"
"CAGGA"
"TCGTA"
"GCAGA"
"GGAAG"
"GGGGC"
"GTATT"
"ATTAT"
"CTTGT"
"AAAAT"
"ATGCC"
"TGCAG"
"CCGTT"
"CTGGA"
"TTCCA"
"TGATC"
"AGTTA"
"TCGGG"
"GATTA"
"TCGTA"
"TCCAT"
"GAAGG"
"CAATT"
"GCCCT"
"GAGAA"
"ACGGT"
"CATAC"
"AATTG"
"AGATA"
"CTCGT"
"CTGCT"
"AAAAA"
"GCGAT"
"CAGAG"
"ACGGC"
"AATTG"
"CCACG"
"GCACC"
"GGCGT"
"GACGT"
"GCACT"
"CAAAA"
"ATCAG"
"CTAGC"
"GCATG"
"GGAGC"
"AGCAA"
"CCATA"
"GCGCC"
"CGTGG"
"AATAG"
"TTCTA"
"CAATT"
"TGAGA"
"CCGTG"
"GAGTC"
"CCATA"
"ATCTG"
"CCTGT"
"GTCTA"
"GCACC"
"GACGG"
"GCATG"
"GAAAT"
"CACCT"
"CATAT"
"CACGG"
"TTATC"
"GGAGT"
"TTTTG"
"CTCTC"
"GGGTT"
"TAATC"
"CCGGG"
"CAACA"
"TAGTA"
"ATGTT"
"TTTTA"
"TGGGC"
"TGATG"
"AACCT"
"CTGGA"
"TTTTG"
"ATGGG"
"TACCT"
"AAGTG"
"ATCGC"
"GGCCC"
"TACCA"
"TATGT"
"ACGCT"
"AACGA"
"ACGGA"
"CCCGC"
"GAGAT"
"TCTGG"
"ACAAT"
"CAAGA"
"CCGCT"
"CCCGC"
"TATGG"
"TCCCC"
"AGTTT"
"AAGCC"
"CACGC"
"CTATG"
"GCCGA"
"GCCGG"
"GTTCC"
"GCAGG"
"TCCTC"
"CATGA"
"TGCTG"
"GAGCT"
"GACAG"
"GGGTC"
"GGGGT"
"GAATT"
"CCTTC"
"TTCTC"
"AGATC"
"AGAGA"
"AGCTA"
"AGATC"
"CCATA"
"CATTG"
"GTGAG"
"TTAGG"
"TGCTT"
"ACTGT"
"TGGCC"
"TTAAA"
"CCGAG"
"TCGGT"
"GAGGT"
"TGGGG"
"TATGG"
"AAAAA"
"CCAGC"
"AAATA"
"CTGTT"
"TCAGT"
"CAATG"
"AGTCA"
"GAAGA"
"CCAGA"
"CGGCC"
"CCACT"
"CACAG"
"CCTCC"
"TGGCT"
"ACAAT"
"GCGAT"
"CTATT"
"CTATG"
"TAGCA"
"TTGTA"
"CACTG"
"TATTC"
"CCGTC"
"GCGGG"
"TGTCA"
"GCGGG"
"TATTA"
"CCATA"
"AATAC"
"CCGCA"
"GTAAT"
"GGAAA"
"CAGCC"
"TACAA"
"CATTG"
"TGTTA"
"AGTAC"
"GCGGC"
"AGCCT"
"ACGCA"
"GTCGC"
"TTATA"
"CATAT"
"CTGTA"
"TGATA"
"TTTGT"
"GCGCC"
"GCGTG"
"ACATT"
"CAGTC"
"CCATG"
"CAGTG"
"CTCCC"
"TATCT"
"CAAGA"
"AGCTT"
"CAATA"
"CACTG"
"GCGGT"
"ACTCC"
"TCTGC"
"TTTTT"
"CTCTC"
"CAGAA"
"AGCCA"
"GATGA"
"CAAAA"
"TTGGG"
"CGTGC"
"AAAAT"
"GACAC"
"CAATG"
"AACAC"
"TCAAC"
"TTTCG"
"AAATT"
"GCTCC"
"GATTG"
"ACGAT"
"TCGTT"
"AACAG"
"GTGTC"
"CCGCC"
"TGGGT"
"AAGAG"
"GGAGA"
"CCCGT"
"GATGC"
"TACAT"
"TTTGT"
"CACTG"
"GCACC"
"ACACG"
"CTCTT"
"AGTCT"
"CAGGC"
"CCCTC"
"TTGTC"
"GAACA"
"ACACT"
"GAACT"
"GCCGG"
"ACGGG"
"AAGAA"
"CACGG"
"CTCTC"
"ACCTT"
"GCGCC"
"AAGAT"
"TCGTT"
"ACAAG"
"AAAGC"
"CAGTG"
"GTTTC"
"AGTCG"
"CCTGT"
"GACGG"
"CCGTG"
"CAGGT"
"GGCCC"
"CTGGA"
"CCATT"
"CAGCC"
"TACTG"
"ATAGA"
"AGGAC"
"TGGCA"
"GCATC"
"AAGCT"
"GCGTA"
"TTGAA"
"TGAGG"
"GACGC"
"GGTGA"
"CCCCA"
"AATAC"
"ACGAC"
"TCTAA"
"AACGG"
"TTTCT"
"GCGAG"
"ACAAT"
"AAGCT"
"GCGCC"
"TTCTT"
"TTCAT"
"CTCGC"
"ACGTC"
"AACAG"
"GCCGG"
"GCATC"
"TCTAT"
"GGGCC"
"CATGA"
"GAGCA"
"ACTGC"
"TGTTG"
"CTCTT"
"CACCA"
"ATTTT"
"CCAGA"
"TTGCA"
"TATGG"
"GTTCA"
"TCCAC"
"CACAG"
"CCCAC"
"TCCGT"
"GATAG"
"CTAGT"
"GCGTC"
"CCACC"
"TTGTT"
"ATCTT"
"AGTTT"
"CTTAA"
"CCCTG"
"AACTG"
"ATGTA"
"CAGCA"
"AAAAG"
"GGCAT"
"AACTT"
"TTGCC"
"AGTGC"
"CACAT"
"ATTAC"
"CAACC"
"GGCCC"
"CTGGT"
"GAGGT"
"AGAAT"
"CTCAT"
"ACCGC"
"GTGTG"
"CGTGA"
"CTAGT"
"CCAGT"
"AACCC"
"AATAC"
"GAGGA"
"ACCCT"
"TTTTG"
"TAGTT"
"GCATG"
"GCGGG"
"GCGTC"
"ACGCT"
"AACTT"
"TCTGC"
"TCTTC"
"TGTTA"
"ATGTG"
"ACTGT"
"GACTC"
"GGGAC"
"CCCCC"
"AGATG"
"AACGG"
"GGACC"
"GCGGG"
"TAATT"
"ACGCA"
"TACAG"
"TCGTA"
"TGCTC"
"GCATT"
"AACAT"
"TGTTG"
"AAGCT"
"CCGAG"
"ACTTC"
"CAGGC"
"TTCCC"
"TTATT"
"ATATG"
"CACCT"
"CATGG"
"CACTT"
"GTCGT"
"AAATG"
"AATAT"
"ACTTC"
"CAAGC"
"AAATT"
"AGCCC"
"CCCCT"
"AATTA"
"TACTA"
"AGGAT"
"CATAG"
"ATATG"
"TGACT"
"GCGCT"
"TCCCA"
"CCATC"
"GTGGT"
"TAGAG"
"ACGTA"
"GCACC"
"TTATG"
"CACTG"
"AGAGG"
"GGGAG"
"GCCTA"
"CCAGC"
"TGTAT"
"TGGGA"
"GTATT"
"GGCGC"
"GCTTG"
"ACCTA"
"TGCGT"
"GAATA"
"GACGG"
"TGGAA"
"TAACA"
"TATTG"
"AACAA"
"CTCCT"
"ACACC"
"TATTG"
"CCATC"
"CACGG"
"AATAA"
"AAGAT"
"CTATA"
"ACATC"
"TTGAT"
"TCTCC"
"TACGT"
"CTCCA"
"GCCTT"
"TCATC"
"CACGG"
"CCAGC"
"GGGAA"
"CCGCT"
"CCCGA"
"TACAG"
"ATCAA"
"CGTCT"
"ATATT"
"AATGT"
"TATTT"
"ATGCT"
"CTTGG"
"ACCAA"
"GATGA"
"CTGCG"
"GCTAC"
"AACGA"
"AACAT"
"GGTCC"
"TAAAA"
"TCACT"
"CTTAG"
"CCCGA"
"CTGTA"
"TGTAA"
"CACGA"
"GCTAA"
"TCGGA"
"ATACC"
"CGAAT"
"GCTTC"
"GCATT"
"TACGT"
"CTTCT"
"AATCA"
"CTGTA"
"CCACT"
"AAGAT"
"CTGTG"
"GTGTA"
"TTGCC"
"AATGA"
"GGAGA"
"TAGGA"
"GTGTA"
"AGTAA"
"CCGTG"
"TCGCA"
"TCGGT"
"CAGAT"
"ATCTG"
"CCGTC"
"TAAAT"
"GAGAG"
"TAGAT"
"ATGTG"
"AGGCA"
"GCCCT"
"GGATT"
"AATTG"
"CCTGA"
"CTGTA"
"AGCGA"
"ATAAT"
"TTTAA"
"GACTT"
"TCCAC"
"GAGCC"
"TGTTG"
"ACAGG"
"GGACA"
"TGGTT"
"AATAA"
"CAATA"
"GAGCT"
"AAATT"
"AGACT"
"AGTGT"
"AATGA"
"GAAGC"
"AAATC"
"TGCTG"
"AGGTT"
"TGGAG"
"GGCGT"
"CTGGA"
"TGATA"
"CTAAG"
"TCATC"
"GCGGC"
"ATCTG"
"GCAGT"
"CTCCG"
"ACAGG"
"TCATT"
"TCAAT"
"ATACA"
"CATTT"
"CCCGC"
"CTAGG"
"GCCGC"
"CACAC"
"TATAA"
"AACCT"
"GGTTA"
"ATCAT"
"GAGAG"
"GCTGA"
"TGCAT"
"GCGGT"
"TGTAT"
"ACTGA"
"GACAG"
"AATCA"
"GTGTA"
"CCGCC"
"TTTGG"
"ACAGC"
"GGTTA"
"ATTGG"
"GGAGG"
"ACCAA"
"CTGGA"
"CCGCC"
"CCTTT"
"TGAGA"
"TTAGC"
"GAAGT"
"CCGCT"
"AGTTG"
"CCGTG"
"TACAC"
"CTCCA"
"AACTT"
"AGAGC"
"GCAGG"
"CCCGG"
"CACGC"
"TCGTA"
"TGCTT"
"GTTGT"
"GCCGA"
"CCGGG"
"ACGGC"
"TTGTT"
"GCGAC"
"CGCAT"
"CACAT"
"TTGTT"
"CACAA"
"AATTT"
"TACAG"
"ATCTT"
"TCAAG"
"AATGC"
"AGGAA"
"TTTAG"
"TGCTT"
"ACACA"
"TCCGT"
"GCGAA"
"GATAG"
"CGTCA"
"GACCA"
"AAGGG"
"CCGTC"
"CTCAT"
"TCCAT"
"CTACT"
"ATTTT"
"ATAGC"
"TCCTC"
"CCGTC"
"CTCAC"
"GGCCC"
"TGTCA"
"TGCTT"
"TCATG"
"TCTGC"
"GAATC"
"GAGTA"
"TCTAC"
"TTAGG"
"GGACG"
"CACCA"
"CTGTG"
"AAGTG"
"GGTGG"
"GGCGT"
"AGGTT"
"TGCTT"
"GGAGC"
"AACGT"
"TCCGG"
"GGCAG"
"CCGCT"
"ATGGG"
"CAGCT"
"CCTGC"
"GGGAG"
"AACGG"
"TCCGA"
"ATGTC"
"CAGTG"
"GACAT"
"GATCA"
"GAGAC"
"TCGTG"
"ATGAC"
"AATAA"
"AATTT"
"TGGAG"
"CACCT"
"AGGTT"
"CTTAC"
"GCTTC"
"CAACA"
"ACGGC"
"TATAG"
"CTCGG"
"CATGG"
"AGCCT"
"GTCTC"
"TATGA"
"GAGCA"
"TTGTC"
"AGAGA"
"GCGAC"
"TACGT"
"AAGAA"
"AGAAA"
"CCGTC"
"CCGCC"
"GCTGC"
"ACACG"
"GCGGG"
"GGTAA"
"GAGCA"
"ATTAT"
"AATTC"
"TCTCC"
"ACCCT"
"ACGCT"
"CGTCT"
"ACCTC"
"TGTTC"
"AGGTC"
"GATCC"
"GACCC"
"AGGAT"
"CCGGA"
"AGACA"
"TGCTT"
"ACGTA"
"TCCGC"
"CCGGG"
"TAAAA"
"CCTCA"
"GTGGT"
"CCCGG"
"ATATT"
"GATGT"
"TTGCA"
"TACAC"
"TGCAG"
"GATGA"
"CCGTC"
"TGCCA"
"ACGAT"
"ATGCT"
"TGGTG"
"TGTTT"
"TCCTT"
"AACAT"
"GACAT"
"GCCAC"
"ATCAT"
"TCGAA"
"TTTGC"
"AGCCA"
"TACTT"
"AGTGT"
"CACGC"
"TTTAC"
"AAGTG"
"GAGGT"
"CTCTC"
"TGTTC"
"TGTCT"
"GCCAG"
"CTCTT"
"GCTGG"
"TTCTT"
"TCCCA"
"AATCT"
"GGACT"
"CACGG"
"TCCCC"
"CCAAT"
"CTCAC"
"GCCGG"
"CTAAC"
"TCCCA"
"TGCGT"
"CCTCT"
"CGATC"
"AACAA"
"TGAGC"
"CCAAA"
"AAAAA"
"GCACC"
"CATGC"
"AATAT"
"ACATA"
"GATTT"
"CACGT"
"TGATC"
"AAAGC"
"TTCCA"
"CTGGG"
"CATGC"
"CAACA"
"GTCAG"
"ACATC"
"GCATA"
"TTGAA"
"CACAT"
"AGGGC"
"TGGAG"
"GCTCA"
"TTCCT"
"CCGTA"
"GCCAC"
"TCCGT"
"CTGGT"
"TGCAG"
"ACGTG"
"ATTTT"
"TAGCT"
"GGGTA"
"TCTAC"
"CAGTT"
"AAGGA"
"CAGTT"
"GAGAA"
"TTTAA"
"TGTAA"
"GGCAA"
"TACAG"
"GCCGA"
"CACAT"
"AGCGA"
"ACATC"
"GGGCT"
"CTGAT"
"GACCT"
"GCAAT"
"GATGG"
"CGATG"
"TCCAA"
"TAACG"
"CCGTC"
"GCTCA"
"GCATT"
"CCGCC"
"GGATG"
"TCCTC"
"TTTAG"
"AGACC"
"TTATT"
"ACATC"
"TGTAA"
"CATAG"
"CTATT"
"CAGCT"
"TATCA"
"GCCCA"
"CTCTT"
"CAGTG"
"GGAGT"
"GATCA"
"CAGCA"
"CTGTA"
"GGCGG"
"CCTGT"
"AGCGC"
"ACGGC"
"CCAGT"
"TCTTC"
"TTGAA"
"GCGTA"
"CCGAG"
"GCATG"
"GGGAA"
"TCGTT"
"TTTAA"
"GTGTG"
"CCGAG"
"AAGTT"
"AACCC"
"AGCTT"
"TTCTT"
"AACAC"
"GAACA"
"TCGTC"
"GATAG"
"GTGGG"
"GCGAG"
"GTATA"
"TGCAG"
"ATGTC"
"TCCAA"
"CCCCA"
"GCATT"
"TCTTC"
"ATTCC"
"CTCAG"
"TAGAA"
"TTGTA"
"TACTT"
"GCCAG"
"AACAT"
"CATAA"
"GTCGC"
"CAGTA"
"AAGGT"
"TGAGA"
"CAGTC"
"GCAGA"
"TTTAA"
"GTTGA"
"CATCC"
"ATAGT"
"GGCCT"
"TGAAG"
"TATGA"
"CCCCT"
"AGGTC"
"TGCCA"
"TTGAA"
"AGCGT"
"GCCGG"
"GCACG"
"GCCGG"
"ATCGA"
"TAGTA"
"ATCTT"
"TGTGC"
"AATAT"
"TCCGC"
"TGCGA"
"GCGGA"
"TCGGC"
"CTAAG"
"CAAGT"
"TAGAA"
"TATAC"
"CTGCT"
"AAGTC"
"TGATA"
"ACCTG"
"TGAAA"
"GATAG"
"TTTGG"
"TACAT"
"GAAGG"
"TCCCA"
"CATTG"
"AAGCC"
"GTTTC"
"CCCCA"
"AAATG"
"GAACA"
"AAGAC"
"TTAAT"
"TGGGT"
"CACGC"
"GGCTT"
"TGTGA"
"CCTGA"
"GGCTC"
"TATGT"
"CAATT"
"ACGGG"
"AGGGT"
"ATGTA"
"ACCTT"
"ATCCA"
"GCGCT"
"TGCTG"
"GCGTG"
"ATGAC"
"CTCTT"
"TCGAA"
"CCGTC"
"CCAGC"
"GGGAC"
"CAGGG"
"ATTCA"
"CTATT"
"AGTTG"
"AGGTG"
"AAGAA"
"TGCAC"
"CTTAC"
"CCGTG"
"CTTCT"
"CTCCA"
"GTCTT"
"TGCGA"
"TGACT"
"TCAGT"
"CAGCA"
"GGGCA"
"AACAA"
"TTAAG"
"GACGG"
"GGCGC"
"ATTGG"
"TGCGG"
"ACACA"
"GTCCC"
"TATGC"
"TGGAA"
"CCTGG"
"CCTGT"
"ACCAT"
"CCCTT"
"ATTGT"
"GCTGA"
"AAGCC"
"TATGT"
"ACTCT"
"CTATA"
"AGATA"
"TTATA"
"CACGT"
"CACTA"
"AAGTG"
"AAGCA"
"CAGGC"
"CCCGA"
"TGCAA"
"AAGTG"
"ACTGC"
"GCATG"
"GAGAC"
"CTTCC"
"ATGTA"
"GAGGA"
"TGGCG"
"GGGGG"
"TTTGA"
"CTGTT"
"ATGAT"
"CATGG"
"TAGTT"
"TTTTG"
"GTAAG"
"AACCT"
"CTGTT"
"TATAA"
"GTACG"
"TATCA"
"TCTCG"
"TGCGT"
"GAGGT"
"GATGG"
"TTGTA"
"AATAC"
"TTTTG"
"TCTGG"
"AGCGT"
"TTTCA"
"CTCTA"
"GAATG"
"ATGAG"
"AATGT"
"CTATC"
"CTCTT"
"GTCTA"
"CCGAG"
"CGGTT"
"TTTTG"
"GAGCT"
"ACATA"
"CTATC"
"TCTAA"
"CGGGA"
"GGTTG"
"CGCGC"
"CTGTA"
"CCGCC"
"TTTCA"
"ACGGG"
"CTATT"
"TTCCA"
"TGTTT"
"TAAGC"
"ACATC"
"TCAAT"
"GAGCT"
"ACCGT"
"GGTTG"
"CACGA"
"GACGT"
"TCCCC"
"CCGCC"
"GTTAT"
"CCCCA"
"AGACA"
"AAAGA"
"CTTTT"
"TCAGA"
"AGATT"
"AGAAT"
"TCGGG"
"GTATA"
"CCGGC"
"CCGTA"
"GCAAA"
"CCCTC"
"GAGCT"
"TTTTT"
"TCTAT"
"CCTGC"
"CCGGT"
"GCGTC"
"GTAAA"
"CTGCT"
"CCGGG"
"TTCTT"
"AAGTG"
"TCCCA"
"CGCCT"
