"V6"
"GATAA"
"GGTCA"
"TTGTC"
"TCCCT"
"CAACT"
"CATGA"
"CAGGG"
"CCATT"
"CCTTT"
"TAGAA"
"TGTGT"
"GCACT"
"ATGAG"
"ATAAT"
"CTAGA"
"GACGG"
"CCTGG"
"CAGTT"
"CCATT"
"CATTC"
"GAGCG"
"GATGT"
"TCATG"
"CAATG"
"GTACC"
"TGGGC"
"AGCCC"
"TTAAT"
"ACTGT"
"AACGA"
"AGCCC"
"CACAT"
"TCAGA"
"GTAGT"
"CATAA"
"ATATC"
"TCGAA"
"ACATA"
"AGCAA"
"GTGCC"
"ACTGT"
"TCATG"
"TTTAA"
"GCATG"
"TGGAT"
"CAATA"
"TCATT"
"ACCGC"
"CCTGC"
"ACGTA"
"ATGTC"
"TCAGC"
"GACGC"
"AGGGG"
"CAATG"
"ACGGT"
"CCACA"
"GCGTG"
"CTATT"
"ATCTC"
"TCAAG"
"CATAA"
"GATTT"
"ACTGA"
"GTAGG"
"GCCTC"
"GATGA"
"CTTAG"
"CTATC"
"TCAAT"
"ATCAT"
"TGGTA"
"ACCTT"
"TACAA"
"AATGC"
"GCATT"
"ACTTT"
"CGGCC"
"CCGAA"
"GCTAA"
"ACCTC"
"AATAG"
"CTGGA"
"CCCAA"
"GGTGT"
"CTTTG"
"ACCGG"
"TATTG"
"GATTG"
"ACATA"
"GATAG"
"TGCAG"
"TAGCC"
"ATGAG"
"ACTCA"
"GATAG"
"TCACT"
"GACTT"
"GTCTT"
"CCGCG"
"AAGTC"
"TACAA"
"TTGTA"
"TAGTA"
"GCGTT"
"TTCAT"
"TTTGA"
"CAGGC"
"ATCAC"
"AGACT"
"AATAG"
"GGGAG"
"TATGC"
"TTCAG"
"GGCGG"
"ACGTG"
"GGCAG"
"CAGAA"
"TCCGA"
"TTTAA"
"TCATG"
"TTGTT"
"AAGAC"
"CCGCC"
"TCAAA"
"CTCGA"
"GACAC"
"GAAGA"
"CAGTG"
"ATGTG"
"CAGTG"
"AATTT"
"CTTCT"
"AGGCA"
"TGGAA"
"CTCCA"
"GGCCC"
"CTCGG"
"CAACT"
"CTCTT"
"TTCCT"
"GTATT"
"TCGGC"
"GTCGC"
"TGCAG"
"CAAGC"
"TGGCA"
"AAGTC"
"TAGTT"
"AGGCC"
"CTATC"
"AAGCA"
"GCGCA"
"AGAGT"
"AAGAT"
"GATCA"
"GTCGC"
"CCCTG"
"GGTAA"
"TCTGG"
"CCACC"
"TCTTG"
"CCAAT"
"ATAGA"
"CTAAG"
"TTTTC"
"GGGCA"
"AAGAA"
"CATAC"
"AATTT"
"ATTGG"
"ATTTG"
"AATTG"
"GGATT"
"GTGTA"
"TACTC"
"TCCAA"
"CAGAA"
"TATAA"
"AGTTT"
"AGTAG"
"TACCT"
"ATGTC"
"CCAAA"
"TCTGA"
"TTCAG"
"CCGAG"
"ATTAC"
"CCTAG"
"CCTGG"
"TTTTT"
"AGGTC"
"GGTGC"
"TCCAG"
"CTTCA"
"TCGCG"
"TATGC"
"CCGTT"
"CACAG"
"TCTTC"
"ACGTA"
"ACAAA"
"AGCCG"
"CCCTG"
"CCGAT"
"CTTCC"
"TCCCT"
"ATTAT"
"AATGG"
"ACGTG"
"TTCCA"
"CACCA"
"GGCAA"
"TGCTT"
"TATGG"
"AGCTC"
"CCTGG"
"GGTTT"
"CTTTT"
"CTCCA"
"GCATC"
"GGATG"
"TATCC"
"AAGGT"
"CCCAC"
"CATCC"
"AACAT"
"TACTG"
"CTATA"
"AGGAG"
"GGTTT"
"AACTG"
"TGATG"
"CAGGA"
"GTATG"
"GCAGG"
"TCGAC"
"TCGCT"
"TTCGA"
"TATAA"
"ACGAG"
"AACAC"
"TCACA"
"TACAA"
"GCTGC"
"GATTG"
"CCTCA"
"CCCCA"
"CGCGA"
"GACGG"
"CCAGC"
"AATAT"
"ACCAC"
"CACAG"
"TCCTA"
"CTACA"
"AAACT"
"TTTTG"
"GCTTC"
"TTTTT"
"TGCAT"
"GAAAC"
"CTAGC"
"CAGTA"
"CCGCC"
"CCTGT"
"TCGGA"
"TATGA"
"GCGGG"
"AGGCT"
"TGAGC"
"TGTGT"
"GCGTT"
"ATGTC"
"TGGTG"
"TACTT"
"GATGT"
"TGCAA"
"GTAAG"
"CCCGC"
"CCACC"
"CCCGG"
"TGTGA"
"CCCAC"
"GGGCA"
"GAGGT"
"GTATG"
"TCCCT"
"CCTGC"
"GTGTA"
"TTTAT"
"ACCAT"
"CGGGG"
"AAAAA"
"CACGA"
"TCAGG"
"GGGGC"
"TGAAG"
"AAAAA"
"GTAGT"
"CTCTT"
"CATGC"
"AGCTT"
"TGATT"
"ACGCA"
"CTGTG"
"CCCTC"
"TCGGC"
"CCTGA"
"GCGCC"
"GTATT"
"CAATC"
"AGTCT"
"AGGTA"
"GCGGT"
"CTATT"
"AGGAG"
"GTGTT"
"GTGTA"
"TCCTC"
"GTGCT"
"TTCGA"
"TTTAA"
"CACTG"
"TGCAT"
"AGCGG"
"TCGCA"
"GCTGG"
"ATCAT"
"AGGCT"
"GAGGG"
"GCGGG"
"TCACT"
"GAAGA"
"GGAAA"
"TATTT"
"CATGT"
"ATATT"
"GGGGT"
"TGCTC"
"CCGCC"
"CCGTA"
"GGGTT"
"TTATG"
"AATTA"
"AAACT"
"CCGCT"
"TCGAA"
"ATCAA"
"CCACT"
"CCCGG"
"CATTG"
"TCAAG"
"TTAAA"
"GACTT"
"ACGAC"
"AAGAA"
"TCCCT"
"CCCGG"
"TTTAA"
"TCGAA"
"TTTGA"
"ATGTA"
"AGGGG"
"CTTCC"
"GCCTC"
"CCAGT"
"GGGTG"
"TGATA"
"CTCGG"
"GGATG"
"GAGAA"
"GACGC"
"TTCTG"
"AATTT"
"TCCGC"
"CTCTA"
"TAGGT"
"GCCGA"
"CCATA"
"TGTGG"
"GATCC"
"AACCC"
"TATAG"
"AGCGT"
"AAACA"
"AACTA"
"CATGT"
"GTTCA"
"CTTGG"
"TCGTT"
"TCCGT"
"CACGT"
"CAGTT"
"TGCCC"
"ACGCT"
"TCAAT"
"GCGCC"
"CTCTC"
"ATGAT"
"AAAAT"
"ATATA"
"TGTCA"
"ATATA"
"GCGGG"
"GGCCA"
"CTGTG"
"GACGT"
"GGGTA"
"AATAA"
"AGTCC"
"AAGAT"
"GGAGG"
"GCGGC"
"GACGG"
"AGCCT"
"AAGGA"
"ACTGT"
"ATCCA"
"CTTAA"
"GCAGG"
"ATGCT"
"CTGAT"
"CTGCC"
"GGGAA"
"CCGCC"
"TGTTC"
"TCAGT"
"TCCGC"
"ACGTG"
"TGGGG"
"GCGAA"
"AATTG"
"CCGAG"
"TGTGG"
"GAAAA"
"GCGAG"
"GCTAA"
"TGGTC"
"GGCGA"
"ACACC"
"ACTGA"
"GACAA"
"TCGAA"
"AGCAA"
"AGAGC"
"AGACT"
"AACAT"
"CCCGT"
"CACGT"
"AGGCC"
"GGCCC"
"TGTGA"
"TATTA"
"TTTAT"
"GTTCT"
"GTTGG"
"CTACT"
"ACCTC"
"ACTGC"
"TCTGC"
"GGGAA"
"TGCGA"
"TACCC"
"AAACC"
"TGTCT"
"GCATC"
"GCTGA"
"ACTCA"
"CAATT"
"TGCAC"
"CTCGC"
"CCCGG"
"TAAAA"
"ACCTG"
"CTGTT"
"CCCGG"
"ATTAT"
"CCAGG"
"TTATA"
"AGTCT"
"GGTTT"
"TTGAC"
"AACAT"
"GGGCC"
"TTTAT"
"ACGGG"
"TGCTC"
"CATTG"
"GTCCA"
"AAGCA"
"ACCTA"
"TGATC"
"CCTTG"
"GGGCA"
"TTATT"
"TGGGG"
"GGCTT"
"ACCGG"
"AGGTA"
"ATTTC"
"GGCGG"
"TGACA"
"GGCGC"
"TAATG"
"TGATT"
"GGCTT"
"CCTTA"
"CCATA"
"GAGGA"
"GACGG"
"GACCA"
"AGGAC"
"GCAGC"
"TGTCC"
"CTCTA"
"AAGTA"
"TTTCT"
"TAAGG"
"TTTCT"
"GTTAG"
"CTCAT"
"ATCCT"
"GTATT"
"GATGG"
"TAGTC"
"TCGCA"
"GCGGA"
"TGTGC"
"CTGTG"
"GGCCC"
"GAACG"
"GGACA"
"CCTTG"
"TATGT"
"CCTGA"
"TCCTG"
"ATTAA"
"TATCT"
"TCAGC"
"GGAGT"
"CTTTG"
"TCTTC"
"TTCTT"
"AACGA"
"AGATG"
"ATTAC"
"CCCCC"
"GGTGT"
"AGTTT"
"TAGAG"
"ACGAG"
"CACAC"
"AATAT"
"TTAAA"
"TATCC"
"CCCTT"
"AAAAA"
"TTTAG"
"CCCCG"
"CGCGG"
"AATTG"
"GAGAA"
"TTCTG"
"GGTGT"
"CACAT"
"ACACA"
"CTGAG"
"TAAAA"
"CCATG"
"ATGGG"
"TCACG"
"ACGTC"
"TGGGT"
"CCCCA"
"GTCTG"
"TACTC"
"AAAAA"
"CTCCT"
"CACGA"
"CAGAT"
"AGCGT"
"ACCAT"
"ACTTC"
"GCGGC"
"TACAC"
"GCCGG"
"ACATG"
"GTGAC"
"AGTCC"
"GGCGC"
"ACCGT"
"CCATT"
"CCGTG"
"TATAA"
"TCGGC"
"ATGAC"
"AAATA"
"ATCAG"
"AAGTG"
"TGCCA"
"CTTCC"
"ACGGT"
"GCTGG"
"AGCCT"
"ATGAG"
"GCACT"
"TTCTT"
"ATTCA"
"GGGCA"
"ATTCC"
"CATGT"
"TCTCT"
"CCCGA"
"TATCT"
"CATAA"
"CACCT"
"AGATT"
"TGGGT"
"TTGGC"
"GAGGA"
"GGCAG"
"TGAAT"
"GGCAG"
"TCCGG"
"CTCAT"
"CCGCA"
"AGTAA"
"GCCCT"
"CCATC"
"TACAG"
"CTATA"
"GCCAA"
"CCGTT"
"ACAGT"
"TCCTC"
"TGATC"
"TCCAT"
"AGCCT"
"TGCTA"
"CCGGG"
"TATCT"
"ACCTT"
"AAGAA"
"CCCAA"
"GAGCT"
"CATGA"
"TCTGA"
"AATGG"
"GGTGG"
"CCAGT"
"TCAAC"
"GCGGC"
"CTACC"
"GGCTT"
"TACGC"
"CTCGA"
"TGTGT"
"TTTAG"
"CAAAC"
"GGTGT"
"GTGGC"
"AAAAA"
"AATGT"
"GCAAA"
"GATGC"
"CAAGC"
"CCCGA"
"AGCGA"
"TCAAA"
"TTTAA"
"AACAG"
"ATGGC"
"TACAA"
"GCAGG"
"AGGTG"
"TCGTT"
"TTTAG"
"AGCCC"
"ACTAT"
"GCCCT"
"ACGGT"
"AAGTG"
"CCAAG"
"AACGA"
"GGGTA"
"GGTTT"
"TTGTG"
"TATGC"
"GAGCC"
"AGCAA"
"CCTCT"
"ACGAT"
"AAGAA"
"TCCCT"
"TATTT"
"CAATT"
"AAATG"
"AATTT"
"GGGTT"
"TTAGG"
"AAGCC"
"TGCAC"
"GAGGG"
"CTGCA"
"TTACT"
"AACAC"
"ACATC"
"TTTCC"
"ATGCC"
"AAGTG"
"CTCGG"
"CCCGA"
"TTCTT"
"TGAAT"
"CCGCC"
"GCGCT"
"TTTTA"
"TGCGC"
"GCCGG"
"TACAC"
"AACGC"
"TGTTA"
"GCTGC"
"CTTGG"
"GTTGT"
"GGCTG"
"AACTG"
"GTGGA"
"TGGGA"
"TATAT"
"AAAAT"
"TGTTG"
"CTGCT"
"CATGC"
"ATGTT"
"GCGGG"
"TACAG"
"GAGAA"
"CAGCT"
"CTCCT"
"TACAC"
"CAAAT"
"AGCAA"
"AGTAG"
"TTGAC"
"CTTTA"
"AAGAT"
"CAACA"
"TCGGG"
"GCCTC"
"AGTTT"
"GAAAT"
"AAAAT"
"TACAG"
"GCGGC"
"GCCGC"
"TCTCT"
"TTTAC"
"TCTGC"
"GCAGC"
"TTGCA"
"ATGGC"
"ACTGA"
"TGGCT"
"GGCGT"
"CCCCC"
"CCCGG"
"CCTGG"
"AAGCA"
"TGTGA"
"CATAA"
"TCATT"
"ACCGT"
"GGTTG"
"CCGTG"
"TCCAT"
"TATAG"
"GCACC"
"GTATA"
"TCACC"
"GCGCC"
"GCATC"
"CAGTC"
"TCGGT"
"TCGGA"
"TGGTT"
"ATACT"
"GAAAT"
"AAAGG"
"GTGTG"
"CATGT"
"TCGAG"
"CCTTT"
"ACTTA"
"ACACA"
"TTTGT"
"TATGA"
"CGCCA"
"AAGTA"
"AGGGT"
"CCCGG"
"CGTGC"
"TGCCA"
"CCTTG"
"TTTAC"
"CCTTT"
"CCCGG"
"TCATT"
"CAAAT"
"ATTCT"
"GGTGG"
"CTTGG"
"ACCCA"
"ATGTG"
"GTGTG"
"AGCGA"
"GCCGT"
"CGACC"
"AAGTC"
"CACGC"
"TGCAC"
"AACCT"
"TGATG"
"CAGTA"
"CATAT"
"CTTGG"
"TACAA"
"TGAAA"
"CACCT"
"GACGG"
"TAAAC"
"ACGAT"
"AAAAA"
"TCTGT"
"TTCGT"
"AAGAA"
"ACTTA"
"ACAGG"
"TTGGA"
"ATGGC"
"GTCCC"
"CCTGC"
"TCAGC"
"TCCGA"
"AGAGA"
"CCCTT"
"AAGTA"
"AACGG"
"CTACC"
"AATAA"
"GGGAT"
"TAGTC"
"CACCT"
"TTTCA"
"CCTGT"
"CTGTC"
"GGAGG"
"AAATG"
"CATTT"
"TTCCC"
"TCGAT"
"TTGTT"
"TTGGA"
"CTAGA"
"CCGCG"
"TTTGA"
"CAAGG"
"GCTGA"
"ATGTC"
"CGGTG"
"CAAAT"
"CGATT"
"GCGGG"
"TCCCG"
"ACAAG"
"TGCGT"
"TAGTA"
"ATGTA"
"CCATA"
"GAATA"
"GTATC"
"GACGC"
"CACTG"
"GCAGG"
"ACGTG"
"GGTTG"
"TCGAA"
"ATGTA"
"ACTGA"
"ACTGC"
"AGCGG"
"ACCCT"
"ACAAG"
"TTCTT"
"GCGGC"
"ACTGC"
"CATTG"
"GGCAA"
"AATAT"
"CCTTC"
"CACGC"
"GGGTG"
"AACAA"
"AGGTG"
"ATAGT"
"TCTGC"
"GACAA"
"TCTGC"
"TTCCC"
"GCGGT"
"CCCTA"
"CCACG"
"CCACA"
"TGGGT"
"AACGT"
"CCCCT"
"CACAG"
"GCTCG"
"GGCGC"
"CACGG"
"CGTCG"
"TCCCT"
"GTTTT"
"GACCA"
"CCTCG"
"GCAGT"
"CACGC"
"TACAG"
"TCAGG"
"AGCAT"
"CATGC"
"CTGTA"
"TCACC"
"CACCA"
"GGGAC"
"TGTTA"
"TCGTT"
"GCGAG"
"TTGTA"
"GCTAA"
"CCCAC"
"GAAGA"
"GTACA"
"ACCTG"
"GTTTC"
"CCGAG"
"ACGCA"
"CCCTG"
"TTCAA"
"AGTGT"
"ACATG"
"CTTTC"
"TTATC"
"ACGGA"
"AAGTC"
"GCATA"
"AGGGA"
"CTACA"
"AGCGG"
"TTTGT"
"TGAAA"
"CGTCC"
"GTGTA"
"GAGGG"
"CCGAA"
"CAAGC"
"AATAC"
"TAATG"
"CTAAC"
"CATTG"
"CTTTT"
"GGGAA"
"GCCTT"
"TCGCC"
"CTACT"
"TAGCC"
"CATTG"
"ACGGA"
"AGTCA"
"TCCGT"
"TGAGA"
"CCCCA"
"TACAA"
"GGGTC"
"TTAAA"
"CAATT"
"ATGGT"
"AAACA"
"AGGAT"
"CATCC"
"ATATT"
"ACGCC"
"TTTTT"
"ATATC"
"CTCTC"
"AACAG"
"GCACC"
"GAGTA"
"ATATT"
"GAGGG"
"ACAAC"
"GGAAC"
"GGGCT"
"TATGT"
"CGTCT"
"TCCGT"
"CGACA"
"AACAC"
"ACCAA"
"GGCGC"
"AATGC"
"CTGAG"
"CCGCA"
"ACCTC"
"ACGAG"
"ATGTA"
"GCCCC"
"TTCTT"
"GAAGA"
"TACTC"
"ACTGT"
"TGAGA"
"TGCCC"
"GAATG"
"TTCAA"
"GTGTA"
"ACGTT"
"AATCC"
"AGAAG"
"CTGCC"
"AGGGG"
"AGCAT"
"CCGTT"
"GTAAT"
"TTCTT"
"ATGCT"
"TTGGT"
"CCGTC"
"TCCTA"
"CGCAG"
"TGCAT"
"ACGCC"
"TCCGG"
"GGATT"
"TATCT"
"AGACT"
"TTTTA"
"CAAAA"
"CCGGT"
"TTTAC"
"AGAAC"
"GGAAG"
"ATATA"
"AGAGG"
"GTTGG"
"GACGC"
"CTCTT"
"CAACA"
"ATAAA"
"ACTCA"
"AACTG"
"CATGC"
"CCGTT"
"GTAGG"
"GCGGG"
"AGGAC"
"AGCGA"
"CCTGG"
"TATTT"
"AAAGC"
"GGAGT"
"GAACT"
"AAATA"
"CCGGA"
"CTTAG"
"CTATG"
"GACTG"
"CACTC"
"TTATA"
"GGTAT"
"TTGTT"
"GGCAC"
"CCATT"
"TACTG"
"GAGCT"
"CCTCT"
"GCTAA"
"CAAAC"
"AATCC"
"TCCGG"
"ACCTC"
"GCAGA"
"GCGGG"
"GTCAC"
"TGTCT"
"GGTGG"
"AAAAA"
"GGAGA"
"GATGG"
"GATCT"
"ACCAT"
"TGGGG"
"AATAG"
"GTAAG"
"CTACT"
"CAGTT"
"CACCC"
"GCATA"
"AATTA"
"ATGTA"
"AGCTG"
"CCTTC"
"CCATT"
"CAGCC"
"CCTGC"
"CTCCT"
"GGGTT"
"CGGCC"
"CTCAA"
"TGATT"
"TTCCA"
"TACCA"
"AGAAG"
"TCTCC"
"CTTTG"
"AGGTT"
"GGCCT"
"AAGAA"
"ATCAA"
"GACCC"
"ACCCA"
"GCATG"
"GCATA"
"GTGGC"
"GCAGT"
"CAGGA"
"GAACA"
"TTGCC"
"CACGT"
"CATGC"
"ATTAA"
"TTGAA"
"TTCAC"
"CACTG"
"TACCT"
"CCCTT"
"CAGGG"
"CGGGT"
"GAGTG"
"AACTA"
"ACATG"
"GCTAG"
"TGGTA"
"TACGG"
"AACAA"
"GCGCC"
"TGCCC"
"TACAG"
"CCGGT"
"ACAGA"
"GGACT"
"CAATT"
"TGATT"
"CAAGA"
"CCACG"
"GAAAT"
"TCGCT"
"TTGTT"
"TAAGA"
"TTATT"
"CTTTT"
"AGGGC"
"TTCGA"
"GCGTC"
"TCCTC"
"AGAGG"
"TATGG"
"GTGTT"
"GCCGG"
"TACGA"
"CCTGA"
"TGATT"
"GCATT"
"ACGCC"
"CTTCC"
"TGGGC"
"GGCGC"
"AGGTT"
"TCCGT"
"TCCAG"
"ATTGA"
"TCGAA"
"GATCT"
"AAAAA"
"CATCA"
"TCAGG"
"TAGCA"
"GAGGG"
"ACCTG"
"GAATG"
"ATAGG"
"GGGAG"
"ATCAG"
"GAATG"
"CCTGT"
"ACTGT"
"GGCAA"
"AATTT"
"CAGAT"
"GTTGC"
"TCGTT"
"AGACC"
"CCTGG"
"GAGTT"
"ATGTT"
"TCGCT"
"AATAC"
"ACAGT"
"GGGTG"
"TGCAC"
"TGCCC"
"GAGAA"
"AAAGC"
"TCCCA"
"TGCTA"
"GCGGG"
"CCTCC"
"AGTGT"
"ATAAC"
"GAGGG"
"CTTTC"
"TGTGC"
"AGGAA"
"TATGC"
"TACAT"
"CTGAT"
"CCGTC"
"GATGG"
"TCGTC"
"ATACA"
"GGCAG"
"AATTA"
"CACGA"
"TTGTT"
"CGGTT"
"AGTTC"
"CCTGC"
"AATAT"
"CTTGG"
"AATAA"
"AACGT"
"TCGTC"
"GGCGG"
"AGACA"
"AATGG"
"GCAGT"
"CCAGG"
"AACAT"
"TTCAC"
"AAAAA"
"TGTCA"
"TCATT"
"GCATG"
"CAGTG"
"GGCCT"
"TATGG"
"GACTC"
"GTATT"
"GGGCA"
"AATTT"
"GATTT"
"GGCAT"
"TACGC"
"AAGCA"
"TCAGG"
"CTGTA"
"GCGCA"
"TATTA"
"TCATG"
"TTTTA"
"AGATA"
"AGTAG"
"GTGAA"
"TCCTT"
"TTATT"
"AAATA"
"AAAGA"
"CCAAG"
"ACGTA"
"GGTGC"
"AGCTG"
"TCACC"
"CTTCA"
"GATAT"
"TCTTC"
"TGAGA"
"TCAAG"
"ACGGA"
"CCAGG"
"TACAA"
"CCGAT"
"AACGT"
"TATAC"
"AGACC"
"AGCAG"
"TTTTG"
"CCGTC"
"TCGAC"
"GCCGA"
"CATCT"
"CTGAA"
"AGATG"
"TGTAT"
"AAAGT"
"GCGGG"
"TCATC"
"AGGCT"
"CCAAT"
"GTTCC"
"ATATA"
"AAACT"
"GATGC"
"TATTG"
"CTCTG"
"CTAGC"
"AACGG"
"ACATA"
"GAGAG"
"GGCTT"
"CTGGT"
"CGGCC"
"GATCA"
"AGGGG"
"GTCAG"
"GCGCA"
"CTGTG"
"CACGG"
"GCGGC"
"ACCTA"
"AACAA"
"ATAAT"
"GCCGA"
"TCAGT"
"CCGCC"
"AACGC"
"CACAG"
"CTATA"
"CCTTG"
"TGCAG"
"AATAT"
"ACCGC"
"ATAAT"
"CAACA"
"TGAGG"
"AAGGC"
"GGATA"
"GTTGC"
"TCGTG"
"GCGAG"
"GTGCA"
"AAAAA"
"CCTGC"
"GCACC"
"GTGGA"
"CGGGT"
"CTGCT"
"ATTCT"
"GCGAG"
"TACAA"
"AACCT"
"TCGAA"
"ACGTG"
"AAGAT"
"CACAT"
"GGCTC"
"GCATT"
"CGCGC"
"AGGAT"
"AAAAA"
"CGACA"
"CTGGA"
"ACGGG"
"TGCGG"
"GTATA"
"TTATC"
"ATATA"
"AACTA"
"TTTTA"
"TTGTA"
"GACAG"
"GAGTA"
"TTGCC"
"TCCTC"
"ATTCT"
"TATGG"
"AAATT"
"TACTG"
"ATAGT"
"CAGCA"
"GTAAA"
"GCTAT"
"TATCA"
"TCCCC"
"CTCTC"
"CCGCA"
"TATAT"
"TTCCC"
"CAATT"
"CATCT"
"GACTG"
"CCTCT"
"ACTTT"
"CTAGA"
"CAGCA"
"GTGAT"
"GCACC"
"GATCC"
"TGCCA"
"ACGTG"
"CCGTA"
"TAGGG"
"TGGAG"
"CCGAG"
"ATATT"
"ACACT"
"CCTCA"
"TCCTA"
"AGAAT"
"GCCAT"
"CAATT"
"AGCCT"
"TTTAG"
"CTAGA"
"GCCTG"
"TATTT"
"TGCGA"
"TGTAG"
"AGTGG"
"AAGAA"
"GCCTA"
"CTCGG"
"TGGTC"
"ACAGT"
"AGCGT"
"AGGGC"
"GGCTC"
"AATCC"
"AAAAG"
"TGTGC"
"GTTAA"
"AAGTT"
"ACACT"
"AGTGG"
"TATAG"
"TGATT"
"AGTTC"
"AAGTA"
"GTCAC"
"GGCGT"
"TTTTA"
"GCTGG"
"GCGCA"
"GCGCA"
"TTGCA"
"AATTC"
"CCATT"
"TGCTG"
"CACCC"
"ACATC"
"GTAGG"
"TTCCA"
"AGGGG"
"CCCAG"
"CTCTC"
"GCTTG"
"CTGAC"
"AGGAT"
"TATCA"
"CCACA"
"AAAGT"
"GGCAT"
"CCCAC"
"TGCAC"
"AACTG"
"AGCTG"
"ATCAA"
"TATTC"
"CGCAC"
"ACGGC"
"TCTTA"
"GTTTT"
"CTCGG"
"AGGTA"
"ATGCA"
"TTTCT"
"CAATA"
"CAATA"
"CCTTT"
"ATCTT"
"CCGCC"
"TTGAG"
"ACGGA"
"CTGAG"
"ATATT"
"GGTAG"
"CAGAT"
"TTGAA"
"TAAGC"
"CTATG"
"AGAGG"
"ACGCC"
"TTTTT"
"TCCTT"
"CAGTC"
"AACAG"
"GCGCT"
"AATAT"
"ATTAA"
"TACAC"
"CTCCT"
"CCAGC"
"GCGGT"
"ATGTG"
"GGTCC"
"CCGGG"
"AGGTG"
"CTCCT"
"GCATA"
"CAAAC"
"ATATA"
"CTCGT"
"CAATG"
"CAGTC"
"GGGTG"
"TGGCA"
"GATTA"
"TTCGG"
"GGGAA"
"GGCGT"
"ATTCC"
"GTCCT"
"ATTGT"
"GGGTG"
"ACTGA"
"CCGGG"
"GTTAC"
"CTAAT"
"GTATA"
"GCGCG"
"CATGA"
"CTTGG"
"TTATG"
"AGGTG"
"ACTGA"
"ATAGT"
"ACGTA"
"AATAT"
"CTGCT"
"CAGAT"
"CACCC"
"TCCCA"
"CGCCT"
"CGGGG"
"TGCGT"
"TCCTA"
"AATCA"
"TCATA"
"GCCCC"
"CACCT"
"GCGGG"
"GCAAT"
"ATCTC"
"ACCGC"
"TCCCT"
"CATGT"
"ATTTT"
"AAATT"
"GCCTC"
"TGGTC"
"GGCCT"
"CCACC"
"AACGT"
"AGCAA"
"TGCAA"
"ATAAA"
"TCACA"
"AGTGA"
"GACGT"
"TGAAT"
"CACTA"
"ATTAG"
"CTGTG"
"CGTTG"
"GCTGA"
"AGTAT"
"CCCAA"
"GCGTC"
"GAGCT"
"TATAG"
"CGATA"
"TAGGA"
"TTGGG"
"CTTAT"
"CTCAT"
"CAAAT"
"AAGAC"
"GTCGA"
"CTGGC"
"CCGCA"
"CTGGA"
"TTAGC"
"TGTAT"
"GGGTT"
"AATAG"
"CACGT"
"GCAGT"
"TGATA"
"TTTGC"
"TCTGC"
"GTTTC"
"TCTCC"
"GGTGT"
"TAATT"
"TCCTC"
"TCCCT"
"TGCCT"
"CACTC"
"GGCTG"
"TTAAT"
"CACGC"
"TTCTA"
"GATTT"
"ACATC"
"ACATG"
"AACAT"
"CTTCC"
"TACGT"
"CACTC"
"TAATA"
"AGGAC"
"AACGG"
"TGTGG"
"TTCTT"
"TTCAA"
"AGTTG"
"GCTGC"
"CCGGA"
"AGCAA"
"AGCGA"
"ATGCA"
"TGCTG"
"AACGA"
"CCAGA"
"CCTGG"
"GATTG"
"TGCTT"
"TTCGA"
"AACGA"
"TGGTC"
"ACTGA"
"ATTGT"
"CTATA"
"ACTGG"
"TTGCC"
"CTCTA"
"CTTGT"
"CACCT"
"TACGG"
"TATGT"
"AAGCA"
"CCGTT"
"TACGG"
"GGGGA"
"TTTTT"
"TATAA"
"CCAGT"
"CACAT"
"CTACA"
"CCACC"
"CCCGA"
"TTCGG"
"GTAAT"
"ACGAA"
"CTGTC"
"ACATC"
"CCAAC"
"GCTAA"
"GTGTA"
"CAGAA"
"ATGCA"
"GTACC"
"AAAAC"
"ACGTC"
"CCCCT"
"TATAC"
"ATCAA"
"CACAC"
"TCCTC"
"TCGTG"
"CTAAA"
"CCCAC"
"CCGCA"
"GTTTA"
"AAGGA"
"GACCT"
"AATCC"
"TCGTT"
"TTCTT"
"GAGCC"
"AATGT"
"GGCGG"
"AACCT"
"CCAAC"
"CTAAG"
"GAGGT"
"GCAAA"
"TACTA"
"ACACC"
"CCGGG"
"AAGAA"
"TACAC"
"TACTT"
"GAAGT"
"CCTTT"
"TTCGA"
"CCGAG"
"CCGGG"
"TTCGA"
"GGTGG"
"TCCTC"
"CTCAG"
"CACTC"
"GTCTC"
"ATACA"
"GGGTT"
"GCCGG"
"ACCGT"
"GATTG"
"CCGGC"
"CCCCC"
"CCGAG"
"GGACG"
"CAGTG"
"TCTTG"
"CTGGA"
"TTCTA"
"CTACG"
"CCAGT"
"AAGCA"
"GTGTG"
"CTGCT"
"TGCGC"
"TGATT"
"GTTAC"
"CAAGC"
"GAACT"
"GATTG"
"ATATA"
"TGTCA"
"TAGCT"
"TGACC"
"CCCTC"
"GCCCT"
"CCGGG"
"CTCTA"
"GAGTG"
"TGCTG"
"GGTGC"
"GGGAG"
"GTGGT"
"CAGGG"
"ATCCC"
"TCCCG"
"AGTCT"
"ATTGT"
"CACCC"
"GAGAA"
"GATGA"
"GCAAA"
"TTGGA"
"GGACC"
"ACTCA"
"AGGGA"
"CTATA"
"TCCGC"
"TACGA"
"CCGTG"
"GTATG"
"TTAAG"
"TCGAG"
"GCGCG"
"TCTAG"
"CATTC"
"GCCAC"
"GAGTG"
"GACTC"
"GGCCT"
"AATAG"
"AAATG"
"CAACT"
"GATGC"
"CCGGA"
"CGCTA"
"GGGCT"
"CCATT"
"TGCCA"
"CCGTC"
"CCACT"
"GGCGA"
"AATTT"
"GCGTG"
"TCAAT"
"TTAAA"
"AATGT"
"AATTT"
"CCCTA"
"TAGAG"
"TCGGG"
"CCTTC"
"TTATT"
"AAGAC"
"AGATT"
"AATGT"
"TCTTG"
"ATTTT"
"CAATT"
"TGAAT"
"TATAG"
"TATAA"
"TATTT"
"GAGAA"
"ACGTG"
"CAATG"
"AGGGA"
"TAGCG"
"AGGTT"
"AGATG"
"AATGT"
"GTGCT"
"CATTT"
"AGCTG"
"CAGTC"
"CTCTC"
"GACAT"
"CAGCT"
"CACTG"
"CGCAC"
"TTCTC"
"GAATA"
"ACGTG"
"CCGTA"
"GCCGC"
"TTCCT"
"AACCT"
"GACAT"
"AATAT"
"TTAGG"
"CACCA"
"CAAAC"
"GCGTA"
"GGTGC"
"CCTCT"
"GCGTG"
"GCCAA"
"TCGAA"
"GCACC"
"CCCGC"
"GGGGC"
"AGCGG"
"GTGTA"
"TGATG"
"ACTAG"
"GCTAT"
"GCGCA"
"CACAG"
"AAACT"
"AGACA"
"AATTG"
"ATTTC"
"TCTAC"
"GGCTT"
"ATCGG"
"CTCGC"
"TATTA"
"CCGTG"
"CTCGA"
"CCGCG"
"TTGTT"
"CCGCA"
"CCGCC"
"TACAG"
"CTCTC"
"CAGGG"
"CGGGT"
"CACTG"
"AGGGC"
"TTAGA"
"GACCC"
"CGTAC"
"AACGC"
"CCAGA"
"GACAG"
"GCAGA"
"CAGGG"
"AATAG"
"TGGCG"
"TACAG"
"GGGAA"
"CTGTG"
"GGCTC"
"GAGGT"
"TCCAA"
"ATATA"
"TCGTG"
"GCTAT"
"CAACA"
"GTTTC"
"CATCT"
"CCCCA"
"CCCCG"
"TCTGT"
"CTCCC"
"TCCGG"
"CAATA"
"ACATA"
"CATCC"
"GGGTA"
"TACTT"
"TCCAT"
"AACAG"
"GAGGT"
"GACGT"
"TGGGT"
"TCTCT"
"GTGAG"
"AATTG"
"CCGGG"
"ATAGA"
"ATAGC"
"AGGCA"
"ATTTT"
"CCCAA"
"AGATC"
"TTCTT"
"CTTGA"
"CCCGG"
"TATTT"
"TAGTG"
"AACAA"
"CACGG"
"TCAAG"
"CTAGA"
"TTATT"
"GATAG"
"AAAAA"
"GGCTT"
"AAAAT"
"ACCTA"
"TCCGC"
"GCGTT"
"CACAA"
"GACAA"
"CCGTA"
"GGCAG"
"CTCCT"
"CATGG"
"GTAAA"
"ATGTC"
"ATAAT"
"CTACA"
"AGTTG"
"CCAGT"
"TATAC"
"TCGTG"
"ATCCT"
"GACCC"
"TGCGC"
"TTCTG"
"CCCAC"
"GCGTT"
"TCAGC"
"TTGTG"
"TGGGT"
"CACAA"
"CCCGC"
"TTTAA"
"GCTGG"
"AGTTA"
"CTTGA"
"TACAT"
"GTGAG"
"AACCC"
"ACGCT"
"GTAGG"
"GCCCC"
"TCGTG"
"TGCGT"
"GACGG"
"CACTC"
"CATGC"
"CCAGA"
"AGTGC"
"ACGCA"
"AAGAG"
"AGATC"
"TGGTC"
"ACCGT"
"GGCAG"
"TCAGG"
"ATTGG"
"GCGTA"
"AGGGT"
"CAGCA"
"CCTCT"
"GGCGA"
"TTGGT"
"AATGC"
"GTAAT"
"TACAG"
"CGGAA"
"CCTCA"
"GCGGA"
"AATAC"
"AGCGG"
"TGTCT"
"GGTGC"
"CAGGT"
"TCCAT"
"TGATG"
"ATCTT"
"TCTGT"
"TAGTC"
"CAGAA"
"TATTT"
"CTTGC"
"ACCAA"
"GAGTT"
"AGACT"
"AGCTA"
"CCTAT"
"AAAAA"
"CCATT"
"AAACT"
"GCTTC"
"GCCGA"
"GGTGC"
"TGTGC"
"TTTAT"
"CTACC"
"TCATT"
"AGTGA"
"AGCTT"
"TCTCT"
"CCACC"
"AAAAA"
"ATCTG"
"CTACT"
"CCGCC"
"GTACC"
"TTGGC"
"CCCAA"
"CTGAT"
"CTAGG"
"TACTC"
"GGCGT"
"AGGAA"
"TGCGA"
"CCTCT"
"GACGG"
"GATTT"
"GAGGA"
"CCCCT"
"ATTGA"
"GTAGG"
"GTTTC"
"GCAGG"
"TCCTA"
"GACGG"
"GAGCA"
"AAGTG"
"AGCAG"
"TATAT"
"CCCCT"
"CTACG"
"ATAAA"
"CCCTG"
"ATGTC"
"CACTG"
"AAAGG"
"GAACA"
"ACAAA"
"TATAG"
"GGGTT"
"CTGGA"
"TTTAA"
"CCCAT"
"TCGCC"
"CGGGT"
"ACATC"
"AGGTA"
"GAGCT"
"GCCGA"
"GCTAT"
"AGCAC"
"GAGAC"
"TCGAG"
"CCCGC"
"GAGCA"
"AATTT"
"AGTTC"
"GACCT"
"CATGT"
"AGAAT"
"ACTGC"
"ACACA"
"AATTC"
"CCTCT"
"GGATT"
"TTCGT"
"TTCAA"
"ATTTG"
"TTTCA"
"CTCCT"
"CCAGG"
"ACTCC"
"ACGCT"
"ATTTC"
"GGCCT"
"GGCTG"
"ATATA"
"CTGGG"
"CTCCG"
"GGTTG"
"GTATA"
"GCTGT"
"TTTGG"
"TACGT"
"TCGCT"
"CTTTT"
"CATGC"
"ATTTA"
"GGAGA"
"AGCAC"
"GACCT"
"AATCT"
"GGGAG"
"TGCGA"
"TCATA"
"AACGA"
"GTGTC"
"TTTTT"
"TAATT"
"CACGG"
"GGGTT"
"CTCCA"
"CACGT"
"GTTGG"
"CACTA"
"ATGTG"
"ACAGG"
"AAAAA"
"GGGTA"
"CTGAA"
"CATGA"
"TTGTC"
"AATAT"
"TGGAT"
"GGTTG"
"GAGCT"
"CAGAG"
"TGATC"
"CAGGT"
"GAGGA"
"GAAGG"
"CAGAG"
"TATAG"
"TTAAA"
"GTTGT"
"AGGCC"
"TGTTC"
"GGTCA"
"TTCGT"
"TGTAT"
"CTCTT"
"GATTT"
"ATAAT"
"CAGGA"
"TCGCC"
"ATTCA"
"AGCCA"
"GATGG"
"TACTT"
"TTTTA"
"TCAGT"
"ACTGT"
"CAGGT"
"CTTTC"
"CACAT"
"TTTTT"
"CCCAT"
"AGAGA"
"TAGAT"
"AAACT"
"GGTAC"
"AACTG"
"AATAG"
"CATGC"
"CACCT"
"TATAG"
"CTCCC"
"GCCGA"
"AGTCG"
"TATTT"
"AAAAG"
"GGAGG"
"AGCGA"
"GGGCA"
"CCCCT"
"CAAAG"
"CCGCC"
"TCTCA"
"ACATT"
"ACAAA"
"TATCC"
"TATTA"
"CCAGG"
"TGAAA"
"AGTTA"
"GGATC"
"GATAG"
"AAAAG"
"ACGAC"
"AGCTT"
"TACGA"
"GCAGG"
"GCTCT"
"CCCTC"
"TACAT"
"ACCTT"
"CACCA"
"GGCTT"
"ACTGC"
"GCGAT"
"ATACC"
"ATCTT"
"GATGT"
"AAGTG"
"TGCCT"
"GGCGG"
"TATTG"
"ACGAG"
"CCGGG"
"CACGC"
"TAGAG"
"TGTTT"
"CATAC"
"AGGTA"
"CTCAG"
"TACTC"
"CCCCT"
"GGCTC"
"TACGG"
"AATCC"
"AGCGG"
"CCCAA"
"TACAA"
"TCAAG"
"TCTTA"
"CCGCA"
"TTGGC"
"CTTAG"
"TATTA"
"TTCTA"
"AACTT"
"GGAGC"
"AGAGC"
"CCACA"
"AAAAA"
"ATTAA"
"TATTG"
"TGCCA"
"ACAGC"
"GCAGG"
"GCCCA"
"TCCGC"
"ATTTT"
"TCATC"
"AACAC"
"CTTCC"
"ATGAA"
"CTGAG"
"AGCGA"
"TGACC"
"GGCTG"
"GCCAG"
"ACTGT"
"TCTTC"
"CTTCC"
"ATCGA"
"AGTCA"
"AGGCT"
"CTGTG"
"GATTA"
"AATTG"
"TGGTT"
"TGCAG"
"CTCTC"
"TGGAG"
"CCGGA"
"ATGCT"
"TGGCC"
"TCATG"
"TTCTC"
"CCTAT"
"GCCGA"
"TGAAT"
"TTGCT"
"GCTGT"
"TGCGG"
"CATGT"
"GCTGG"
"TCCCT"
"TGATA"
"CCTTT"
"GCGGC"
"GGAAT"
"AGGGC"
"GGTGT"
"AATAC"
"GAATG"
"CACAG"
"TGATC"
"TGCTC"
"TATCC"
"GCTCC"
"GCCGA"
"TACGT"
"AATTT"
"GGTGG"
"TATCA"
"GTAAT"
"TTGGC"
"CCCGG"
"CCAGT"
"GCGGT"
"CACTC"
"CCGCC"
"TTCAT"
"TTCAG"
"TTTGT"
"AGCGA"
"CAGTG"
"ACCAA"
"AATCT"
"GGCTG"
"ACAGA"
"CAATT"
"AATTT"
"TAGGA"
"GGTGA"
"CTGTA"
"GTTAG"
"CATGC"
"GGGAG"
"AAATT"
"GACAT"
"CAATG"
"CCGGC"
"CCGAG"
"AGGGG"
"CTCCA"
"CTATA"
"CGGGG"
"CCGGA"
"TCGTA"
"TTCGT"
"AAGTT"
"ACATC"
"CCGCC"
"ACAGT"
"CCTAG"
"AGTTG"
"TGCGA"
"GACTG"
"TACAC"
"AGTGG"
"TCGCA"
"GAGGG"
"TGCCC"
"TCTAG"
"GTTCT"
"AAGTG"
"GACGG"
"GCTCT"
"TTCCC"
"ACACC"
"TAAAT"
"TTCAG"
"GACAT"
"CTCAG"
"ACGCT"
"GAATG"
"AATAT"
"GCCTC"
"GTGCC"
"ACGCC"
"GGTAT"
"CTCTG"
"TATAG"
"TAGCA"
"CCCGC"
"AAGAG"
"CAGAG"
"CATGT"
"CCAAA"
"GCACT"
"TTAAA"
"ATATT"
"ATGTA"
"CCCGT"
"TCGCA"
"TGTGG"
"CAACG"
"TATAT"
"AGGTG"
"ACATC"
"GCAGT"
"GAAAT"
"CACAT"
"AACTT"
"CACGG"
"CCCTG"
"CGCGG"
"AGTCA"
"TGTCT"
"CCGAC"
"ACATC"
"TCTGC"
"AGGGG"
"AAAGG"
"AGACC"
"GACCT"
"GGACC"
"CTCGC"
"CGGTC"
"CCGGG"
"ATGTT"
"GAACC"
"CAGGC"
"GCTAG"
"AATAC"
"TCCAT"
"CACGG"
"ACCAT"
"TTGTC"
"CTCAC"
"GATGT"
"CACGG"
"CTCTG"
"GTGCA"
"CAGGG"
"GAGCT"
"TCGTT"
"GACAA"
"GTCTA"
"ACGAA"
"CATGT"
"TTGTC"
"TTCCC"
"CAACT"
"TCTTT"
"ATCGT"
"GACAT"
"GGGGT"
"CAGTG"
"GGACC"
"GCAGT"
"ACGTT"
"AGGGC"
"CTTAG"
"TATGG"
"ACTTT"
"AAACA"
"ATAGG"
"AATTA"
"CCTTA"
"GCGAA"
"ATTTT"
"TGCGG"
"CCGTC"
"TAGGA"
"CGAGG"
"GTGTA"
"ACGCA"
"ACATG"
"TGGGG"
"TCCTT"
"CTAAT"
"CCGCC"
"ACTAT"
"AATGA"
"GCGCA"
"ATTTG"
"GCGCA"
"CTGTA"
"CCAAG"
"CCACA"
"CAGTT"
"CTCGA"
"CCGTG"
"AGGAA"
"CAAAA"
"TGGTA"
"GCACT"
"CACAC"
"GCGGT"
"GGTAT"
"GAAGA"
"TAATT"
"ACGGT"
"TTCAA"
"AATTA"
"CCCTG"
"GCCCT"
"GTTAT"
"AAACT"
"TGTAA"
"TAATA"
"TTTTT"
"TCTAC"
"GTACA"
"CCTCC"
"CTCCC"
"ATTAT"
"TGTTG"
"ATGAA"
"AAATG"
"CACGG"
"CAAAA"
"ACTGT"
"CTACA"
"TTATC"
"TTTAG"
"CTGCC"
"CCGCA"
"AGCGG"
"CCAGC"
"CCACT"
"AAAGA"
"AACGA"
"CTGCC"
"AGTGA"
"AGGTG"
"CATCC"
"AAGGG"
"GCCGC"
"TTATT"
"CCGAG"
"CTCCA"
"GCGTG"
"CGTGT"
"GGCGG"
"GACGG"
"CTCCC"
"CACGT"
"CCGGG"
"CGCAT"
"CAAAT"
"TGCTT"
"CACTC"
"AGGCT"
"GAATC"
"CTGAA"
"CCCGT"
"CTATA"
"CCTGC"
"TCCGA"
"TCGGC"
"AGCTC"
"AAATG"
"AGTGG"
"ACATC"
"ATCTT"
"GCGTC"
"GTCAG"
"AATGT"
"GGGAG"
"TCTGG"
"TATAA"
"AACGG"
"AAAAT"
"GCCCC"
"AGCGC"
"CCGTC"
"ATATG"
"CTTAA"
"ACGTT"
"GCACA"
"ACATC"
"AGCCT"
"ACTAT"
"TTCGA"
"TGCTG"
"ACGGG"
"CCGCG"
"TATTA"
"GGCGA"
"TACTG"
"TTCTG"
"ATATA"
"ACATT"
"CCTGC"
"TTTAA"
"AGATA"
"GCAAG"
"GAGTC"
"CCCGT"
"TTTTA"
"ACGGG"
"CTCTA"
"CCTGA"
"GCGTG"
"CTTTC"
"ACTGG"
"CAGCA"
"TTTCC"
"CAGGT"
"TTTGT"
"CCACT"
"GGCAG"
"AACTA"
"ACACA"
"ACGCT"
"TTAAA"
"CAGAG"
"GATTT"
"TCACT"
"ATCCT"
"TCTGT"
"GAACT"
"CCCGA"
"AAAAA"
"GCGTG"
"AAGAT"
"ACCAT"
"TTGGG"
"AAGGT"
"TCAAT"
"GCCCC"
"GTTTT"
"ATTTC"
"GACGC"
"AGTAG"
"ACCTC"
"CGTAT"
"GGAAA"
"CCCGG"
"TCCAC"
"ACGAC"
"GTGTA"
"GTGTG"
"AGTGA"
"ACCGC"
"GTAGA"
"AAATA"
"TGCCA"
"GGCAG"
"AACTT"
"ACCGT"
"TTTCT"
"GACGC"
"TTGTC"
"ACCTT"
"TGTGA"
"GGCTT"
"CCGTG"
"GCGGA"
"TCGCT"
"GAAAG"
"TAGAA"
"TTGTT"
"GTAGA"
"TTGGT"
"GCCTG"
"TTGAA"
"AATTA"
"ACATA"
"TATCC"
"AATTA"
"CCCTA"
"TCAGT"
"TTTAA"
"CTTAT"
"ATTCG"
"TGAAA"
"ACGTT"
"TGCCT"
"GCTTT"
"TTTGA"
"ACAAG"
"AGCTG"
"TCATT"
"GCTCT"
"ACTGC"
"CCGGT"
"TCTCC"
"TCCAG"
"GTCAA"
"AAAAC"
"CCCAG"
"CATTT"
"CACGA"
"ATGTT"
"GGGCG"
"CATGG"
"CCAGG"
"CACAA"
"AAATC"
"CATGG"
"CCCCT"
"AGCAG"
"GGCGG"
"CTTAA"
"CCGGG"
"GTTAA"
"CACGG"
"AAATC"
"TTTTC"
"AAATC"
"ACATA"
"ATTAC"
"CAGGT"
"TCCCC"
"TCTGA"
"AAAAG"
"CATAT"
"CTCAC"
"CACGG"
"GGATC"
"TATTG"
"CAACC"
"TTAAT"
"ACCCA"
"CGCAG"
"ACCGG"
"TGAGC"
"TTCAA"
"CGCGC"
"GTGCC"
"CTCCA"
"TAGAG"
"GAGAA"
"AAGTC"
"TAGTA"
"GGTCG"
"CAGGT"
"TCGAG"
"TGTCC"
"TCCTC"
"GCGTT"
"GCTCA"
"AACGG"
"ACGTA"
"ACTCC"
"TACTG"
"TGTTT"
"CCGGA"
"CTGAA"
"TGGGC"
"ACCAT"
"TGTCC"
"CTTCT"
"CCGTC"
"TTTTA"
"TATCT"
"GACTT"
"TGCGC"
"TTCAT"
"GGTGT"
"CTTTG"
"GCCGG"
"GCGGG"
"CCAGG"
"TACTT"
"TTTTT"
"CAATC"
"TGCTT"
"GCCGG"
"CCAGT"
"GGAGT"
"GGGCT"
"GCCTC"
"GAGGT"
"AGCGG"
"GATGC"
"TTTCC"
"GCGAA"
"CAGTG"
"GGCCT"
"AGCGA"
"CCGGG"
"TTTCT"
"CTGTA"
"AAAGG"
"CCGCC"
"TTCCT"
"CTGAA"
"TGACC"
"AAGAG"
"TCGCC"
"TGTCT"
"TCTTC"
"CCCGA"
"GACGT"
"ATTTG"
"ACGTT"
"TTGGG"
"TTGCC"
"TCGCG"
"CCGCT"
"AGGCC"
"TTTGG"
"ACGTC"
"GGAAG"
"CACGC"
"CAGTC"
"GCATG"
"AATTT"
"CCGTT"
"GATGC"
"AGAAT"
"CCAGA"
"CCTGC"
"TGCGG"
"GCGGA"
"TACAG"
"ACGTT"
"GTATC"
"GCTCT"
"ATGGA"
"TAGAA"
"CTTAG"
"ACTGA"
"CTCGA"
"AAGAT"
"AGCTT"
"TTTAT"
"TGTCC"
"AAAAA"
"CCCGC"
"ATGGT"
"CATTG"
"GGAGC"
"CCGAA"
"CTCGG"
"GGGTC"
"GGAAG"
"CTGGA"
"TTAAT"
"GAGGT"
"CCGCA"
"GAGAG"
"GGGGA"
"CTGTA"
"TTCAA"
"CCTGT"
"TCTAT"
"TTAGA"
"ACACC"
"AAATA"
"GCACC"
"AAGCC"
"GCTAC"
"CTCGG"
"AAATA"
"AAAGC"
"CTGAG"
"AAGAT"
"TAAGT"
"CATGT"
"TAGCC"
"TGTAA"
"CCACC"
"TCGTG"
"ACGAT"
"ATTAG"
"CAGTG"
"GAAGA"
"ACGTA"
"GCATG"
"GCTTT"
"CAACG"
"ATAAG"
"TAAAA"
"GCTAG"
"ACATA"
"CGACT"
"GAGGT"
"GCTTG"
"GATGT"
"GGTGT"
"CTGAA"
"TCTTA"
"AATTT"
"CAGCT"
"GGCAT"
"TGACA"
"GCTCA"
"AGCCC"
"CATGG"
"CACAC"
"CCGGG"
"GTGGA"
"CTGTA"
"TTCGG"
"ATGAC"
"CCCCG"
"CCCTT"
"CCGTT"
"GCCGG"
"AAACC"
"CAACT"
"GCGGG"
"GAGAA"
"CAGCA"
"AATTG"
"TTGAG"
"CAGGG"
"TGTGG"
"TGCCT"
"AGGAT"
"TAATA"
"ACTGC"
"CTGGA"
"ATGTA"
"GGCGG"
"AGCGA"
"TCAAT"
"AGTTT"
"AAATC"
"TAGCC"
"GTGAC"
"GAGCA"
"ATCAG"
"CCCGG"
"GCGAT"
"TTTTC"
"GAGTG"
"AGCAC"
"GAACT"
"ACATT"
"TACTT"
"AACCT"
"ACGTG"
"TCACA"
"AGCAT"
"CCCCT"
"TTAAC"
"CCATA"
"GCGGT"
"GATGG"
"GCATA"
"TGCAG"
"ACAGT"
"ACAGT"
"CCTCT"
"TGGAA"
"ATCTC"
"GCGAC"
"AAAGT"
"TTTGC"
"TCTAG"
"GCTAC"
"TCGGC"
"TAGAA"
"TGGTA"
"AAAAA"
"GTAAA"
"ACACC"
"GACGC"
"GCGAA"
"ACAGT"
"CCAGC"
"AGGTC"
"GAGAA"
"TCCCA"
"ACGGT"
"CTCGT"
"AACGT"
"TAGCA"
"ACCAG"
"AGATG"
"CCGCA"
"TTTTA"
"GATGC"
"AGTCG"
"GCCGA"
"GAGAT"
"CTTTT"
"CACGA"
"ACCCT"
"TTTAA"
"CACGA"
"TGGAG"
"GTCTT"
"TTAAA"
"AGATA"
"CCGGG"
"GTCTA"
"TCATT"
"GACGC"
"ACATG"
"ATTAT"
"CAGTG"
"ATCTG"
"CAATG"
"CGATT"
"GCTGT"
"AACGT"
"CCGGA"
"TTTCA"
"TACAT"
"ATGTA"
"TATGT"
"GATAC"
"TATTT"
"GGCGC"
"CGCGC"
"GAGAG"
"TCATT"
"CCAAT"
"ACGAA"
"CTCGT"
"AAAAG"
"AGATG"
"ACTTA"
"TTGGG"
"TGCAT"
"AAAGG"
"CTATG"
"GCGTG"
"ATATA"
"GACGG"
"ACCGC"
"ATCAA"
"ATAAT"
"CACGT"
"GAACA"
"TACAT"
"GCCTG"
"CAATT"
"GATTC"
"ACGTC"
"CTTGA"
"GCATA"
"CACCT"
"CCTGG"
"TTAAT"
"TCCCG"
"GAGAG"
"GCGCC"
"TCACC"
"ACATT"
"TTGTC"
"CAGTG"
"TTAAA"
"CTGCC"
"AGAGA"
"CAGGC"
"GCGTG"
"TTAAA"
"AGAAA"
"TAGCA"
"CGCAC"
"GAAGA"
"CCTTT"
"TGCCC"
"AGTAA"
"TACGT"
"ACGGG"
"AATCA"
"TATAA"
"GCCTC"
"TTACT"
"GCGTG"
"TGCTT"
"GACAG"
"AATGG"
"AGGAT"
"TCGCT"
"GGGCA"
"TCGTC"
"TTGCT"
"ACACC"
"ACATC"
"TTCTC"
"GAGGA"
"TTGAG"
"TTGCG"
"TATAG"
"AGGCT"
"ACATG"
"AAAAT"
"GCATG"
"AAGGA"
"CTAGA"
"AAGGA"
"TAGAG"
"CGAGG"
"CCGAA"
"TCTTC"
"TTCGG"
"ACCGG"
"TCAGG"
"TTCTC"
"TGGTG"
"AGTGG"
"CATTT"
"ACGAC"
"TTTAC"
"TTTAT"
"CACGC"
"AAGAA"
"ATAGA"
"GTTAA"
"ACCCC"
"CATCT"
"AATAG"
"TGATG"
"ATCTT"
"AAAGA"
"GCAGG"
"CCGGG"
"CAGCA"
"TATCT"
"TTCCT"
"CTCCC"
"AATAC"
"CCCTC"
"CCGGA"
"GTGTG"
"CTGCC"
"TGTGA"
"CACGT"
"GACGG"
"GACGA"
"AAAAA"
"TCATC"
"AATGG"
"AAGAT"
"ACGAT"
"CTGTT"
"AGTTT"
"TAATA"
"ACATA"
"CTGCG"
"CTCGG"
"AAGCT"
"CAAGC"
"GGTTT"
"CAACA"
"CTCTA"
"GTGAC"
"CGTCT"
"GGGGG"
"ACATG"
"CCATG"
"ACCCT"
"GCAGA"
"CCGCA"
"AACAA"
"GAAAC"
"GCCTC"
"AGCTT"
"AATGA"
"GCGTG"
"GAGGC"
"GCCGT"
"AGGCA"
"AGATT"
"ACGGT"
"CCGAC"
"GTATA"
"GCACA"
"ACGGG"
"ATCCA"
"CCAAG"
"ACCAC"
"CTTTC"
"TTCAG"
"GATTC"
"GTAGT"
"AACCC"
"CCCTG"
"AACTG"
"GGAGT"
"ACAGT"
"ACGCA"
"GGGCG"
"CAAGT"
"TGAAT"
"TCGTA"
"TGACC"
"ACGAA"
"ACTGG"
"ATTAG"
"GGATA"
"CACTG"
"TATCC"
"TCCGC"
"CAAAA"
"TTATG"
"TCGAT"
"GGTAG"
"CTGCT"
"GCCGC"
"CCTTT"
"CAGAT"
"AAAAA"
"TTCTT"
"GGACA"
"TGGTC"
"CCCTC"
"AACAG"
"TGGGC"
"CGTAA"
"ACACT"
"AATAC"
"AGCCA"
"TGGCT"
"TGGAT"
"TACTA"
"ACTAC"
"GCGTA"
"GCCAG"
"CGGAA"
"CCGGA"
"TGTAA"
"CCTTG"
"AATTT"
"TGCCC"
"AACTC"
"AAGAG"
"TTGGT"
"TATAC"
"TTGCT"
"TTGGC"
"TTAGG"
"TTTTT"
"TTTCT"
"GGGTG"
"CCCTC"
"CCATG"
"ACAAT"
"TGGTG"
"ACGGC"
"AATGC"
"GGTAG"
"CACTG"
"CAAGC"
"GTAAG"
"ATTGC"
"CGGGC"
"CAGGC"
"AATGG"
"GTGCC"
"CTCGG"
"TTAAA"
"TTTTC"
"GCTTC"
"ACCAG"
"CATGG"
"CACCA"
"CCCTA"
"TTATC"
"CTTAG"
"AACAG"
"GCTGC"
"GCGAG"
"ACGTG"
"GGGAG"
"TGCTG"
"AGATG"
"TGCAG"
"AGCGC"
"CACGC"
"CCGCG"
"ACATC"
"AGATG"
"GGGCC"
"AGAGA"
"GGGTC"
"ATGCT"
"TATAC"
"ACACC"
"TGGCC"
"ATAAT"
"GGCGG"
"CTTGG"
"GGCGG"
"TGCGT"
"CCTAC"
"CAATT"
"TCGTA"
"AGCGA"
"TCTCT"
"CCACT"
"AACGA"
"TCACC"
"ACGAT"
"CGGGC"
"TCATG"
"TTCCC"
"CCTTC"
"AGAAA"
"TATGA"
"CACAC"
"CAGCA"
"ATTTT"
"ATCTG"
"CCGTT"
"GTGGT"
"TCACA"
"GGCGC"
"CACTG"
"GCAAA"
"GCATG"
"TTCTG"
"CACTA"
"GTCGT"
"TCAGT"
"TTAGG"
"GTGCC"
"AGTAT"
"CAGCA"
"AGCTT"
"ATTAT"
"ACGAA"
"TTAAT"
"TTTGG"
"ACAGT"
"AGATA"
"TTGCC"
"CCCCA"
"GTCGC"
"ACTCC"
"ACCTG"
"CTCGC"
"TTGAA"
"CCAGA"
"CTGCT"
"ATATA"
"GAGTG"
"CCCCT"
"AACCC"
"TGGTA"
"GCACT"
"AGGAT"
"ATTTA"
"GGCGA"
"TCCTG"
"AAAAA"
"GCATG"
"TAGCA"
"GGGTT"
"AGGGC"
"CAATG"
"AGGTA"
"TCAAC"
"CCGTT"
"GACAT"
"TTAAA"
"AAGGG"
"AGTAG"
"ATGGT"
"CCCGC"
"TCTAT"
"TACGC"
"CTCCA"
"TACAA"
"CTCGC"
"TGTAT"
"AGTTC"
"GTCGG"
"TGTTT"
"CTGAT"
"GAGGG"
"GCCGA"
"AACAA"
"CATAA"
"CTGTC"
"CAAGC"
"GGCGT"
"CTCAC"
"ATAGT"
"GCCGA"
"ACCGC"
"TCTGG"
"CCGAG"
"ACGTT"
"ACACC"
"AGATC"
"TATGA"
"ACAGG"
"TGCGA"
"AAATG"
"CATAT"
"GCGGA"
"TCGAC"
"TCGTC"
"AAACA"
"AGCCT"
"AGCGC"
"TTGTT"
"TTGGT"
"CCTTG"
"AGATC"
"CATGC"
"ACCAT"
"TCCAA"
"CAATG"
"AAACT"
"TATGC"
"AGCCC"
"AGCCT"
"AGGCC"
"GTGCT"
"TCTAT"
"GCCGA"
"TTTTT"
"AACCA"
"GTACA"
"ATATG"
"AACCT"
"AATGA"
"AGCGG"
"GACGG"
"CCTGC"
"GGTTA"
"CGTCC"
"GGAGC"
"TTGCA"
"GACAT"
"GGGCT"
"CGGTA"
"ATCGG"
"AGGTT"
"CCCGG"
"ACATA"
"AATCA"
"GTATG"
"TTGTG"
"AGATA"
"CCGTG"
"ACATC"
"GGGCA"
"ACCAT"
"AAAGA"
"AGGTT"
"CACTT"
"GTTTG"
"CATAT"
"CCATT"
"CCCGG"
"GAAGC"
"GACGG"
"AATTG"
"TTCTC"
"TATAA"
"AACAA"
"TGATG"
"TTTGG"
"GGCAA"
"AGATG"
"TTGGA"
"CCCAG"
"GCGTC"
"TCCCT"
"GCCGG"
"TCTTC"
"CTGCA"
"AATGA"
"CACTC"
"CTACT"
"ATGGG"
"TTTTT"
"AACTT"
"TGTGG"
"ATCGT"
"AACGC"
"GGAGG"
"AAGCA"
"CCTGG"
"CAAAT"
"ACATA"
"TGGGT"
"AAGGG"
"TCCTT"
"TTTTG"
"GCTAC"
"CCCGT"
"CTAAG"
"TTCTA"
"CACGC"
"AGTGC"
"CTGAG"
"GGGGA"
"AGATA"
"ACACC"
"GAACT"
"TGATT"
"AGGTC"
"AATAT"
"TCATT"
"TTCTA"
"TTCGC"
"ATGTC"
"CTTGG"
"ACGTC"
"CTCAT"
"CCGGG"
"GAGAA"
"CTGTG"
"CCGGG"
"ACCTT"
"CCATC"
"TGCTG"
"TGTTA"
"TTTAT"
"CCGGC"
"CATAT"
"CTCCC"
"TCTTG"
"CACTG"
"TTATA"
"CAAGA"
"GTTAA"
"TGTTT"
"AATGT"
"CCGTC"
"CACGC"
"GCCCA"
"TGCGG"
"AAGTG"
"TCCGG"
"GTGTT"
"GCTGC"
"CCTGG"
"CTATT"
"TTAAA"
"CCCTT"
"AACGA"
"TTCCC"
"TTGTC"
"GCGAA"
"TCAAG"
"CCCCC"
"TACGG"
"TGCCA"
"CCCGC"
"AACTT"
"GTCCC"
"TCTTT"
"CTCTA"
"CTTTA"
"CTTGG"
"GTTTC"
"CACGA"
"CCAAC"
"TTTTT"
"TACTT"
"CAAAT"
"TCGAC"
"TTTGA"
"CCGTT"
"GACCT"
"GGCGA"
"TTGTA"
"TGAAG"
"TCGCT"
"TCCTT"
"CCCGC"
"TGGGT"
"TACTC"
"CCGGA"
"CATTG"
"GACGA"
"GTAGG"
"CCGAG"
"ACGTA"
"GCGGT"
"AGGGT"
"TCGGC"
"GACGG"
"TTTGT"
"TAGTG"
"GATCA"
"TCGTT"
"ATCGG"
"AACCC"
"CAATC"
"GGCGT"
"GGGCA"
"CTGGA"
"AGAAA"
"TGGTA"
"CAAGG"
"GATGA"
"CCCTT"
"CGGTG"
"CACAG"
"GCGCA"
"AGTCT"
"ATACT"
"CCCGA"
"AGTTA"
"CAGCT"
"CTACA"
"AGGGA"
"GCCAG"
"TGTTA"
"TTTAG"
"ACCGC"
"TCTTT"
"GCATA"
"CCAAG"
"AATCA"
"TCTTT"
"AAGAA"
"CTTAT"
"GCCTA"
"GCAAA"
"GCTAC"
"GGTCC"
"GACGG"
"ACCGG"
"GGTGG"
"AGCGT"
"AAACA"
"ACGGT"
"CAAGA"
"AAATT"
"TTCCT"
"TTATT"
"ACGGG"
"CTGCG"
"GCATT"
"TCGGA"
"TTATA"
"TGCCC"
"TAACT"
"AGTGT"
"GAGGG"
"AGTAG"
"GGCGT"
"GGGGC"
"CCGAT"
"GCATA"
"GAGGC"
"CTCGG"
"AGGGG"
"TCCAG"
"TAGAA"
"TTATT"
"GGCGC"
"GCCTA"
"TTTAG"
"GGCGG"
"ATGGC"
"CCCAA"
"AATGT"
"TCACT"
"CTCAA"
"GGTAG"
"AAGGT"
"AGTTT"
"TCCGC"
"CAGTA"
"CTCAG"
"TCTAC"
"GCCCG"
"TCGTG"
"AAGAA"
"CCCGC"
"CTTGC"
"AGTTT"
"CCCTC"
"CCGAG"
"CTTCT"
"TGTTC"
"TGGGA"
"CCGAG"
"ATGAA"
"TGGGA"
"CCCAG"
"GACAA"
"TAGCT"
"AGGCA"
"CAAAT"
"CATTG"
"ATACG"
"GGCAA"
"AAAAA"
"GAGAG"
"ACAGA"
"CCATG"
"AGGAA"
"CAGCA"
"GCCGG"
"CCATT"
"GCCTC"
"CCCGA"
"CTCTG"
"GGATG"
"AAACA"
"ACCGC"
"CCAGG"
"CATAA"
"GGACT"
"TTCCT"
"TGCAT"
"CATTA"
"GGAGT"
"CAGTG"
"ATGGC"
"TTTAG"
"CGAAG"
"CTTAT"
"ATCGC"
"TGAGG"
"GGATG"
"ACGTA"
"AACAA"
"TCCTG"
"TTCGG"
"TGACT"
"CACGA"
"CTCGA"
"TAGAT"
"AATTT"
"GCACT"
"GATGG"
"TCAAA"
"AGCAC"
"TATGC"
"GCGTG"
"TCTTG"
"AAATG"
"ACACT"
"TGGGA"
"AGTAA"
"GCCGG"
"CCGCT"
"CCGTT"
"AACAG"
"GGGAG"
"CCAAA"
"TACCA"
"ATTAG"
"CAGTT"
"AACCT"
"ACTGA"
"ACCAT"
"TACTA"
"ACGTT"
"TCTTT"
"TCGCT"
"GTACA"
"GACTG"
"CAATA"
"GGTAG"
"GGCGA"
"TCCTG"
"AAGGG"
"CTGCC"
"TGATG"
"TTAAA"
"GCGAA"
"ACAAG"
"CACCC"
"TATAG"
"ACAAG"
"GTTCC"
"AAGCA"
"GGGAA"
"AAGAT"
"CAGTG"
"TGTCT"
"GGAAG"
"GAGGC"
"GAATT"
"GCATG"
"GGCCC"
"GAAGA"
"TCGGT"
"ACTGG"
"CTAGA"
"AACTG"
"TTTTT"
"TCGTA"
"AATCA"
"AGCGA"
"CAATG"
"AGAAT"
"CACTG"
"CCGTA"
"TAGAA"
"AACTG"
"GGCAC"
"GCGTG"
"CCAAG"
"TCTTG"
"TCAGA"
"CTAGT"
"TCGGA"
"GTTGC"
"TGCAG"
"TAGAG"
"TAAAT"
"TTATC"
"TGCTT"
"ATCTA"
"CACCT"
"ATGGA"
"ACCTC"
"TGGGG"
"ACCTA"
"ACTTT"
"GCTGC"
"AGCGG"
"TCGGT"
"GAATT"
"TTCCA"
"CCAAT"
"TTCCC"
"CAGTA"
"AAAAC"
"TTTAC"
"CAGTA"
"AAACC"
"GCAGA"
"CCCCA"
"CAGTT"
"TTATG"
"AAATG"
"AAACT"
"AATTG"
"ATAAA"
"GCGCC"
"TAAGA"
"AAGGG"
"TCTCG"
"TCGCT"
"ACGGG"
"CTGCG"
"CAACA"
"CAAAA"
"AAACA"
"ATAGT"
"TGCTC"
"CAAAA"
"CTGAC"
"CAAGA"
"GCTGA"
"GCGGC"
"GGGTT"
"GGCAC"
"GCTGA"
"TAGGA"
"ATGCT"
"GGGAT"
"ATGAG"
"GCTTC"
"CCCAT"
"GTGGA"
"TGCGC"
"ACATA"
"GCGGG"
"AACGG"
"GATGA"
"CCACA"
"TCGCT"
"CGAGA"
"AGTGC"
"ATGTG"
"CACGC"
"GGCCC"
"GGTGA"
"TATCA"
"CTCCA"
"TGTGC"
"TCCTC"
"AAGTT"
"TTCAG"
"CTCTC"
"CAGGA"
"ACTTC"
"ACCTC"
"TCGAG"
"AAAGA"
"ACCGC"
"CCTGG"
"TTTTC"
"ATTTA"
"TCGAA"
"TCAGA"
"GGATC"
"ATAAC"
"CAATG"
"CCGAG"
"CCTTG"
"AGAGA"
"ATCTG"
"GACGA"
"ATGCC"
"GTTGT"
"CTTGA"
"AAAGC"
"GGATT"
"GTATG"
"GACAT"
"TTCGT"
"AGTCC"
"CTGAG"
"AGGAA"
"AGCGA"
"CCTGC"
"TTTAT"
"ACGTG"
"TCCTT"
"TACCA"
"CCAAT"
"CTTAA"
"CCATG"
"TATTG"
"ACGTG"
"AATGT"
"ATGGT"
"TACTT"
"AAAGA"
"AAATT"
"CCGGC"
"ATTCC"
"GGCGT"
"TCCTC"
"ATAGA"
"GACAC"
"CTTAC"
"ACAAA"
"GAAAC"
"CTAGG"
"TCGCA"
"GGTCC"
"TTAAA"
"CAAAA"
"AGCGG"
"TAGTT"
"AGAGC"
"GCTGG"
"AATTA"
"TGAGT"
"TTTAT"
"ACGTC"
"GCGTC"
"TTGTG"
"GATTC"
"TACTG"
"ACCCC"
"ACAAT"
"CCCAA"
"TCAAC"
"TGTGT"
"GGACA"
"CTCAT"
"TGGGT"
"TTATA"
"GATGT"
"TGTGC"
"GCTCA"
"GGAGA"
"CCGGC"
"TACAA"
"CAGGC"
"TCCGC"
"CCGGG"
"TCCTA"
"AGACA"
"TCAAA"
"TGGGT"
"TTGTT"
"GAACT"
"GACTA"
"GCCGG"
"GCCAT"
"GTTGG"
"TGGTT"
"AACAC"
"TGGAC"
"CTCAG"
"ATATT"
"GCAAC"
"CAACC"
"AGGAA"
"CCTAG"
"ATTTT"
"TCTCT"
"TTGCC"
"ACTTT"
"CCAAT"
"GGCGA"
"CCGCT"
"ACGAT"
"ACTTG"
"GTGGC"
"CCCTT"
"TATAG"
"GGGCA"
"TATCT"
"AGTAG"
"CTGAT"
"TAACC"
"TTATT"
"CTCGG"
"GTACC"
"AGTTG"
"GGCCC"
"CCGTA"
"AATTC"
"CAGTG"
"CTCGT"
"CTTAG"
"AAGCC"
"GCAAG"
"GGATT"
"TCCTG"
"AACAA"
"AGAGA"
"CCCTA"
"CCGTA"
"TACCT"
"ACAGA"
"TACAT"
"TACTG"
"GCTTC"
"GCAGT"
"TTGGG"
"TGGGA"
"GTAAT"
"GTCTG"
"AACAT"
"GGTCA"
"TCAAA"
"ACTGG"
"TCCGC"
"ACGGA"
"GACGT"
"CAGCA"
"CCAAG"
"CACAC"
"TGTAT"
"GGCGA"
"TGTTA"
"TTTCG"
"ATTTT"
"GGCGA"
"CCCCC"
"CAGTA"
"GCACC"
"TACGT"
"GGTAG"
"GATGA"
"GTGGC"
"AACCT"
"AGAGG"
"GGTTA"
"AACAA"
"TCAGG"
"TTGTT"
"GTATC"
"GCGAT"
"GACAC"
"GCAGT"
"CCCGG"
"ACATG"
"CCTGA"
"GAGTA"
"AGCCC"
"GACGC"
"TGCAC"
"CACTT"
"ATCGC"
"GACCT"
"TTCTT"
"GACAC"
"CCCGG"
"GGTCT"
"CCATG"
"GCACT"
"TATAA"
"TCAGC"
"CCGGC"
"CTAAT"
"TGGCA"
"AAGAA"
"GGAAA"
"TTGTG"
"GAGGT"
"TGACT"
"CCTGC"
"CTATT"
"CCAGG"
"GCAGT"
"TACAA"
"GCTCT"
"CATTG"
"TTTAA"
"ACATG"
"GGAAA"
"ATCAA"
"GCGGG"
"GGCGG"
"ACGGT"
"ATGAA"
"CACGC"
"AGGAT"
"CCTGG"
"AGACT"
"CAATG"
"ACGTA"
"TCACT"
"CCAGG"
"GCACC"
"CATAT"
"CCATT"
"CACCA"
"TGTTT"
"TCGAA"
"TGCTG"
"ACCAC"
"GCCCA"
"CAATT"
"ATTAG"
"ACGCT"
"GCGGA"
"AGCAT"
"TATAT"
"AGAGT"
"CACCA"
"CAGAT"
"AGACA"
"ACTGG"
"TAGTA"
"ATATA"
"AATAG"
"GCACA"
"CCATG"
"GCCGA"
"CCCAG"
"CTCAT"
"TTTGT"
"TTGTG"
"GTTAT"
"ACCAG"
"AGGCT"
"CTACT"
"CCGGG"
"CCGGG"
"TAGGA"
"CATAT"
"TGCTT"
"ATCGA"
"GTTTT"
"ATTAT"
"CTGTA"
"AACTT"
"ATGCT"
"ATCAG"
"CTGGG"
"GACCA"
"GATTG"
"CCAAA"
"CCAGC"
"GTACT"
"TCGCG"
"CCCCA"
"CTGAG"
"CTGTT"
"GACAC"
"GGGAT"
"AGGAA"
"CTCCG"
"CCATT"
"GCCGA"
"GAGGA"
"GCACA"
"TGGGA"
"ATAAT"
"CCACT"
"AGGCT"
"CTCTC"
"CCTCA"
"TGCAG"
"TCAGT"
"CAGTA"
"GTCTT"
"CAATA"
"GCGAA"
"CACAA"
"GGCAG"
"TTATC"
"ATACA"
"ATCGG"
"CAGCC"
"CCCAT"
"GGGCA"
"CTCGG"
"TGCGG"
"TACAG"
"ACGTA"
"GGGAA"
"ATGAC"
"GCGTG"
"GCTCA"
"ATATC"
"AAGTA"
"GGCTG"
"CACCT"
"AACTT"
"TCCCT"
"TTGCT"
"AGTCC"
"TGGGA"
"TGCAC"
"AGCCC"
"TCTTG"
"CAATT"
"TTTAA"
"CCAGA"
"CCAAA"
"AAATG"
"AGGTC"
"CTCTC"
"GCAAA"
"GTCTC"
"GGGGA"
"TTTCC"
"TAGAG"
"TGTAG"
"TGTTA"
"AGGCA"
"TGCTT"
"TACGT"
"TATAC"
"AAGAG"
"GATGT"
"TTTGA"
"AGTCA"
"CCGTT"
"TCGTG"
"TCTGC"
"ACGGA"
"TTGTT"
"GAGTT"
"AGGGA"
"TGGCC"
"GCATG"
"ACAAC"
"TATGG"
"TCGGC"
"GCCGG"
"CCTGT"
"GTCAA"
"CATGT"
"CAGGC"
"CAGTC"
"GGAGG"
"GGCAG"
"GATTT"
"TGGAA"
"GCAAC"
"AATTG"
"AAGCA"
"ACAAT"
"ATCTC"
"GCGTT"
"GGCAG"
"CCCGT"
"GGGGC"
"TCTTT"
"ATGAC"
"AACAA"
"CCCCT"
"AGGGA"
"CCCCC"
"TCTCA"
"TGTGC"
"ACGGA"
"GGGTG"
"AGGTG"
"CTATG"
"ACCTG"
"CCATC"
"GACAT"
"ACTGC"
"CTGCA"
"TGTCA"
"AATGT"
"CTCCA"
"ACCCA"
"TACAA"
"TATGT"
"AACTG"
"TTAAA"
"GGGTC"
"CCACA"
"AACCT"
"CTAGT"
"CCCCC"
"CAGAA"
"TGAGT"
"TACTG"
"TTCAT"
"GCCGC"
"TGCAC"
"CCGGA"
"GCGCC"
"CCAGA"
"AATGT"
"GCGTA"
"TCATA"
"AACGG"
"GGTGG"
"TTATC"
"GAGTG"
"TTCAG"
"TTCGT"
"GAGTC"
"GGTCG"
"CCGCC"
"GGTAG"
"CACGC"
"TTTTC"
"AATGT"
"GCTCA"
"GCGCG"
"TCACT"
"CACCA"
"GACAA"
"ATTGC"
"CAGAG"
"TATAT"
"CACTG"
"CAGTA"
"ACTTT"
"CCTAT"
"TCAGA"
"GAGCT"
"TTCCA"
"TTTGG"
"TCCAA"
"CATCA"
"TTCCC"
"ATGTG"
"TTGAA"
"TCTGC"
"GCGCA"
"GTACT"
"CCAAA"
"CTTGG"
"CTCCA"
"GATTA"
"GCCGA"
"GGCAC"
"TATTA"
"TAGAG"
"TCTGT"
"GAAGT"
"TTTGT"
"GGTGA"
"GGCGT"
"ACGGT"
"ACACA"
"CATAG"
"GCGTA"
"GGGTA"
"TACAT"
"TTTAC"
"CGTGC"
"ACATA"
"CCATT"
"ACGCT"
"CCTCC"
"CAATA"
"ACATA"
"ACATG"
"AATGC"
"ACGCA"
"AGTTG"
"ACTGG"
"TAGGT"
"ATTAC"
"TGAAT"
"GCATG"
"CCCGC"
"TTTAA"
"ACAGC"
"TACCA"
"ATCTC"
"CAGGA"
"GCGGG"
"TAAAA"
"GGTTC"
"TCATG"
"GCAAG"
"GCGGC"
"ATAAA"
"GCATG"
"CCGAC"
"ATGTT"
"TTCTC"
"TGCAA"
"GCACA"
"CACGG"
"CTCCT"
"TTATT"
"TGAGA"
"GAGGA"
"TGTTC"
"TGCTC"
"AGGGG"
"CAGGC"
"GACAG"
"TAAAG"
"CCCAG"
"CTCCA"
"GTTGC"
"GACAG"
"CTGTC"
"CCGGG"
"TTTTT"
"ACGTG"
"GAATC"
"TAAAT"
"ATCAT"
"AATTA"
"CTGAT"
"GTGGC"
"AGTTA"
"TGCTT"
"CCTGG"
"TCTGC"
"GCCCC"
"TTTGT"
"CTAAC"
"GCACT"
"GAAGC"
"GGCGC"
"TATTG"
"ACATT"
"TAGTC"
"GTGTC"
"GAGTT"
"TGCTA"
"GCAGG"
"CTCGA"
"TAACG"
"TTCAC"
"TCCGT"
"TTCCA"
"TGCTC"
"AACCA"
"CTCCA"
"AAACC"
"ATTTT"
"GTGGT"
"GCAGA"
"CCTCC"
"TTCAC"
"TCGTT"
"GGTCT"
"GAAGA"
"AGTGG"
"CATTG"
"CCACT"
"TTACC"
"TTGAA"
"CCCGT"
"CACTC"
"GAAAG"
"ATATT"
"GCAGG"
"CTGGC"
"CATTC"
"CCCGA"
"CCACA"
"TTGTC"
"TTTGG"
"AACGT"
"GGCGG"
"GACTC"
"CAACA"
"ACGGA"
"GTGGT"
"CCAGC"
"TGTTA"
"GCTCT"
"ACCTG"
"CTTCA"
"CTTAG"
"AATAA"
"TCAAG"
"TCCGT"
"GATCA"
"GAACA"
"CAAGT"
"GCAGT"
"CTCCC"
"TTGTA"
"AATTA"
"GGCGC"
"ATCAA"
"ACCAC"
"CACCT"
"GTTCA"
"GTCGG"
"AACTT"
"GTTTC"
"CTTCC"
"AAACA"
"CGGGC"
"GAATC"
"TACAT"
"AACCC"
"GCGTG"
"AAGAG"
"AGACA"
"TATGA"
"AAATA"
"CTTCA"
"AATTT"
"TGGAT"
"CTGCA"
"TTTGG"
"ACCGG"
"TCCAC"
"GGCTC"
"CCTCC"
"GCGAA"
"CGTCG"
"CTCAC"
"AATCA"
"GGCCT"
"TGAAT"
"TAAGA"
"AGGAA"
"AATCT"
"CTCCT"
"CTATC"
"GAGCA"
"AAAAG"
"TCTCC"
"TACGC"
"AGGTG"
"TGTTA"
"AAATC"
"TCATA"
"CTGCT"
"AGTTC"
"GCCGA"
"GCTTC"
"TTTTG"
"ATAAC"
"ACGAG"
"CCATG"
"CAAAC"
"TATAC"
"CACTA"
"TTTTC"
"GTCGC"
"ACACC"
"AGCAA"
"AACTG"
"ACGTA"
"CTTGG"
"CCTAA"
"AACAC"
"TCATG"
"TTAAA"
"ACGTG"
"GACGA"
"ATCAT"
"TGGGA"
"CACTA"
"CAAGA"
"CCCTG"
"TCTGT"
"TTCGG"
"GATTA"
"AACAC"
"CTCGC"
"TATAG"
"AATCC"
"CCGCA"
"CCATG"
"TATGG"
"CTCGG"
"CTGCC"
"CCGTT"
"TACCC"
"AGTAT"
"ACTAC"
"GACAA"
"GGCGG"
"AGATG"
"AAACA"
"TCGGC"
"AGGGG"
"CCGGC"
"GACGG"
"GCCCG"
"GCCCT"
"AAGTC"
"ATACC"
"GGCCC"
"AGGGG"
"TATGG"
"GAACC"
"CTCCA"
"TCGTG"
"AACAG"
"GGCTT"
"TGCGT"
"GTCCT"
"GGTGG"
"CACGA"
"GCTGC"
"GTGAA"
"CCGAG"
"ATCCA"
"AGCCC"
"TTAAG"
"ACCAT"
"ATAAT"
"CATTT"
"AAATT"
"TGATA"
"TCATC"
"AGGAG"
"AACGT"
"ACGCA"
"TGGAG"
"TCCAA"
"ACCGT"
"AGCGA"
"ACTGA"
"TCGGG"
"AGGCA"
"TCCCA"
"TGAGC"
"GAAGT"
"GATTC"
"GGTAG"
"AATTG"
"ACATG"
"GCGAT"
"TTGGA"
"GCAGT"
"TGTTA"
"ACATA"
"GCGGA"
"GTACA"
"CTAGC"
"AGTTG"
"AGCGT"
"GATGC"
"AACAG"
"GCGCG"
"TACCA"
"ACCCT"
"TACGA"
"GGCGC"
"CTCTT"
"AAAGG"
"ACGCT"
"TTTTT"
"CATGC"
"GTGTA"
"CTCTC"
"TCCAC"
"TTCGA"
"CTCCC"
"CCCGC"
"TGCCT"
"AACGA"
"AAGAA"
"TTGGC"
"TGGGC"
"TACGG"
"TACTT"
"GCGCC"
"ATCTA"
"CCCAC"
"CCATG"
"TACAG"
"GGGTC"
"AGGTT"
"GCAGT"
"CTCGT"
"TTGCA"
"GTGGG"
"AAGAG"
"AGACC"
"CACCA"
"ATATG"
"AGGAG"
"AGCAG"
"CCCGG"
"CACGG"
"TCGGA"
"TGGTG"
"CACAT"
"GATCA"
"GGGTA"
"ATATT"
"CCACC"
"TTCCT"
"GTTGT"
"AAATC"
"CTGTT"
"TCTCA"
"TATTA"
"TGCTG"
"TAACC"
"TTGGT"
"AGACT"
"CTCAT"
"AAGCT"
"TTACA"
"GCGAG"
"TCCCA"
"ATAGA"
"ATCGA"
"TTCTA"
"ACGGG"
"AAGTC"
"CGGGG"
"TCTAG"
"GTGCC"
"GAACC"
"GCTCC"
"GTGTT"
"CACCA"
"GGACC"
"GGTAG"
"ATGTT"
"AGATA"
"AGTCA"
"ACTTT"
"CCGGG"
"AGGGA"
"TTATC"
"TCTTA"
"TCGTC"
"CACAG"
"GGGCT"
"TTCAC"
"GAGAA"
"CCAGC"
"ACAAT"
"GTACC"
"TTTAG"
"TTTTA"
"TCGGT"
"TTCTG"
"AGACC"
"TTTAT"
"CGAGG"
"GGCCT"
"TCGAG"
"TTACA"
"CGTCT"
"GACGG"
"TGCAT"
"GCTGG"
"ATGAA"
"GGGCT"
"TTCGC"
"AAGGA"
"GACGA"
"ATTAA"
"CCTGT"
"ACCCC"
"CGAGA"
"CAAAA"
"TTTCC"
"TTTTA"
"ACCCC"
"TCCTG"
"TCCCA"
"GCGGA"
"TGCAC"
"CCCGG"
"GGGCA"
"CTATA"
"GGGCA"
"AGGGG"
"GCGGA"
"ACACT"
"GGCTG"
"AGTGG"
"TAGTG"
"CTTTC"
"ATACT"
"CCACA"
"ACTCC"
"GCGAG"
"CACAG"
"TTATA"
"TGAGT"
"TTGAA"
"AACAG"
"TTTTG"
"GACTC"
"CAAGA"
"TGTTG"
"GGTGG"
"ATCTG"
"GCGTG"
"CTTCC"
"ATAAT"
"AGTTC"
"AAGTC"
"CTTGT"
"GACGT"
"TCGGG"
"TGCCT"
"GACGC"
"AATAT"
"AGAGA"
"AGTTT"
"TCTAT"
"AGGAG"
"ATGTA"
"CAAGT"
"TGCCT"
"ACCGC"
"CATGC"
"CCTGT"
"CATGA"
"GCAGA"
"AACAG"
"CTGGA"
"AACCC"
"CCGTT"
"AAGGT"
"CCGTG"
"GACGG"
"GGCAG"
"GCGCG"
"GCGCA"
"TGGTC"
"CTTCC"
"GTGAC"
"GTAGG"
"AGTTA"
"TGTGC"
"TACAA"
"TACGT"
"TGTAC"
"CACCA"
"CGCCC"
"GGAAA"
"GACAG"
"TAATT"
"GCAGT"
"CGAAG"
"TAGTG"
"GGGTG"
"TTAAT"
"CCCGG"
"ATTTC"
"CTACA"
"GAGCA"
"CAGGC"
"ACTAA"
"TCGAT"
"CAGGA"
"ATGTG"
"TACAC"
"GCGAG"
"CTGCA"
"CTCGT"
"TATTA"
"TGACT"
"CTGTA"
"TAGAA"
"CTCAA"
"GCTAG"
"GAGTG"
"GCGGA"
"TAAAA"
"CACGC"
"CCCTT"
"AAAGA"
"TCAGC"
"TACTA"
"AGTTT"
"CTGTG"
"TTAGG"
"CTAGG"
"GAGGA"
"GGCAG"
"CTGTG"
"TTAAA"
"ATTTT"
"AATAC"
"ATTCA"
"AATAG"
"TGGAA"
"TAGAG"
"TGGAG"
"TCGCC"
"TCCTT"
"GCCTC"
"ACGTG"
"GCGGC"
"GCGTG"
"TGTTT"
"TGATC"
"AAGAG"
"ATTAT"
"ATAAA"
"CAACA"
"GGGGC"
"TTGTG"
"AACAG"
"TGTCT"
"GACGG"
"TATTG"
"GACGC"
"CAAAG"
"GAGTT"
"AAGCC"
"TTGCT"
"CACGG"
"ATCTT"
"TGCTC"
"ATATA"
"TCCTT"
"TGAGA"
"AGGAG"
"TTAAC"
"CTACA"
"GCGTC"
"CCGCA"
"GGTTG"
"GTTCA"
"GTTGA"
"GCCGC"
"CACCT"
"CCTGC"
"CTCGG"
"TTTAT"
"CCATT"
"TCTAA"
"CAATT"
"TTCTG"
"CTTAC"
"GATTC"
"GGCGG"
"AAGTA"
"GCCGG"
"TTCCT"
"CCACT"
"CCCAG"
"TTTGG"
"TGGAC"
"TCGTA"
"CTACT"
"ATATC"
"TCGCC"
"TATAG"
"TTGAT"
"AGCAA"
"GCCTT"
"CCTAG"
"TCGAA"
"CTTCC"
"AGGAC"
"TTCCC"
"AAGAC"
"TTAAA"
"TTACC"
"TCGGG"
"CCGGC"
"GGTAT"
"GGTCA"
"AACAG"
"AGTTG"
"TATGC"
"GTATG"
"ATGTA"
"GTATC"
"CCCCT"
"ATGGA"
"ACGAA"
"CATTG"
"AACCC"
"TCCTT"
"CGGTG"
"TCTCC"
"AAGTT"
"CTGGG"
"AGTTA"
"GCATG"
"GAGGT"
"CAACG"
"TGCAA"
"AATAT"
"GCCGG"
"GGCGG"
"GGTGG"
"TGCAC"
"AGCCA"
"AAATC"
"CCCGT"
"CCTCT"
"ATTAC"
"TAAAG"
"TGCGG"
"CCTTT"
"CATAT"
"TATAG"
"CTTAC"
"ACGTG"
"GATGA"
"CTCTT"
"TGCTG"
"ATCTT"
"TCCCT"
"GATTC"
"CTGCA"
"TTAGA"
"CAGGA"
"CTGTG"
"TACAC"
"CGATC"
"GAGTG"
"GCGCA"
"ACGTC"
"AGCTT"
"TACTA"
"ATTTC"
"GTCCA"
"CCGAG"
"TAGGA"
"CCCCG"
"AGCCA"
"TGTCT"
"GCATG"
"GGGTT"
"AGAAA"
"AGTCT"
"TCGAA"
"CAATG"
"AGGTC"
"TTCGG"
"CAGGA"
"TGATG"
"GGACA"
"CAGAA"
"TCTTA"
"GCGCC"
"ACCGA"
"AGAAG"
"ACGCT"
"CATGT"
"GCGCC"
"TGCCT"
"TTAGG"
"TTATG"
"CTATG"
"GCCTG"
"TACGT"
"TCGGT"
"CAGCC"
"GTTCC"
"AATGG"
"TTCGT"
"GCGCC"
"ACAGG"
"ACGGC"
"TTGTA"
"ATCTG"
"TAAAC"
"CTCTT"
"CATGG"
"AACTT"
"CCGCA"
"TTAAA"
"ATGTA"
"CTATC"
"CTCGA"
"TGGGA"
"CCTAC"
"TCCGC"
"AAGTC"
"CCGAG"
"GACGA"
"CTAAA"
"TTCTT"
"ACTTT"
"CCGTC"
"AGCTA"
"CCGTC"
"AAATA"
"GGCCC"
"CCTTC"
"CGTCT"
"ACCTA"
"GCTCT"
"TCAGT"
"CACAA"
"CTGGA"
"AGTTG"
"GCCGC"
"GCGGG"
"TGTAG"
"AACAC"
"CATTT"
"ATCTA"
"ACTAA"
"AACAG"
"CAGCC"
"AATCC"
"CCAGG"
"GACAC"
"CTATT"
"TGTAT"
"GGTCT"
"GCCCC"
"ACCAT"
"ATCTG"
"AGCAT"
"CTTGG"
"CCGAG"
"TGTGC"
"CACAT"
"CCAAG"
"GGGGT"
"GCATA"
"TTTCT"
"GACAG"
"CCGCC"
"GTATT"
"CTTAT"
"GGTTA"
"GTCCT"
"AGTGA"
"CTATA"
"AGTGT"
"TATTC"
"CTACC"
"ATATC"
"GTGCT"
"CCGCT"
"CTCGC"
"GGAAG"
"TCTTC"
"CCGGA"
"TGGGG"
"TCTTA"
"AATCA"
"CATAA"
"TTGAG"
"TTAAT"
"CTCGA"
"TAATA"
"ACGTC"
"GTTTT"
"GCCCT"
"AATAG"
"AGTGC"
"TACAT"
"TCTAC"
"ACATT"
"TATGA"
"CCGTC"
"CTTCT"
"GATTT"
"CCCCA"
"AGATA"
"TGGAC"
"CAAAC"
"TACTT"
"CCGGT"
"AATTA"
"ACCGT"
"GCCGA"
"ACGAG"
"AACTA"
"GCAGA"
"AGCAT"
"GAAAA"
"AGCCA"
"TGGTC"
"GGCCT"
"CATGC"
"CTGCA"
"CAACA"
"TCCAG"
"CACAT"
"CCTGG"
"TGGCG"
"AGCGC"
"AGAGA"
"TTTTT"
"CCTGC"
"TCCAG"
"TACCT"
"GATAG"
"TCGTT"
"ACCTG"
"TATTG"
"GGTGC"
"AAAAA"
"TCGGA"
"TGCCT"
"ACCTG"
"AACAG"
"ACGCT"
"CCCCA"
"CTACA"
"AGCTG"
"CATAT"
"AATTT"
"CCGGT"
"CAAAG"
"ACTGG"
"ATCTT"
"TACTA"
"GGGCC"
"AATTT"
"ACTAG"
"CTATC"
"GAGTT"
"AGATG"
"GGGGG"
"ACTGT"
"TCTTT"
"GATCC"
"GGAGC"
"TTTGC"
"AGTAT"
"TACAA"
"AATGG"
"AGACA"
"CCGAT"
"CCAGG"
"AGGAC"
"AGTGA"
"CATAG"
"CCTTC"
"AAGTG"
"ACATT"
"GAGCC"
"CCCCT"
"GGCCT"
"GGGGT"
"GGAGA"
"CCCTC"
"TTTCC"
"CAATC"
"AATAC"
"TTGCT"
"GATCC"
"CAATC"
"CTCCT"
"CCTCT"
"GCGTT"
"AGCAA"
"CATAA"
"CTTAC"
"TATAA"
"ACAGG"
"GAGCA"
"AGGTA"
"TACGT"
"ACCCC"
"GGCGC"
"TCGCC"
"TCCGT"
"TGGGT"
"TCGGT"
"TTACT"
"GTAAA"
"TCTCC"
"GCCGC"
"CCTGC"
"TCCGC"
"GCGTG"
"CATTT"
"TATAA"
"GGAAA"
"AAAAA"
"AACAA"
"GACGG"
"GTGCA"
"TCGCT"
"CACAT"
"CCTGC"
"GGTGG"
"CGGGT"
"CCGTT"
"AAGTC"
"CTCTA"
"CACCT"
"AGAGT"
"GGATA"
"GCGTT"
"TGATG"
"ACGTC"
"TGCAT"
"CCGTG"
"GCGTT"
"TCTCA"
"CCCAA"
"TCGTG"
"CCATC"
"ACATG"
"GCAGT"
"CGGTC"
"TTTCA"
"GGGCT"
"TCACC"
"AATTT"
"GCATA"
"ATTTA"
"ACATA"
"TCGCC"
"AATAG"
"TTTTG"
"AATCA"
"CTGAC"
"AATGT"
"GCGTA"
"ACCCT"
"AAGAC"
"GCCCT"
"CTGTG"
"TAGTA"
"CTAAA"
"GCAAA"
"GGAGC"
"GCGGG"
"ACTAT"
"TTTTA"
"TATTT"
"AAGAA"
"AAGCT"
"ATCCG"
"TCCTG"
"CCGAC"
"CACAG"
"AGCGC"
"TTCAG"
"TAACT"
"AACGG"
"AGAGC"
"TCGCA"
"ATACC"
"GAGCC"
"GTTTT"
"AGTGT"
"TGCTT"
"GGTCG"
"GCTGC"
"TTAAA"
"CCCGG"
"CGTTC"
"AGAAA"
"CTCAG"
"CTGAG"
"TATGC"
"ACAAA"
"TTCAA"
"GGAGT"
"TTATT"
"CCCTT"
"CCGAC"
"TTTAA"
"TCGAT"
"AAGGG"
"AAAAA"
"AGAAT"
"ACCGT"
"TCGGG"
"TAGTA"
"TCATC"
"GACCC"
"AGTTC"
"TTTGT"
"CCAGG"
"TTCAT"
"TGAAA"
"CAATG"
"GTATG"
"TACGT"
"GACGT"
"ATGTA"
"AAGTG"
"CTAAT"
"TCTGC"
"CCCAA"
"TCCGT"
"TAGGT"
"GCTGG"
"CCGAG"
"GGCAG"
"GATGC"
"AGGTA"
"AAATA"
"ATTAA"
"GTTTC"
"TAGCC"
"AAGGG"
"CGCGC"
"GCAGG"
"CCAAT"
"GCTTG"
"CCCCA"
"TATTA"
"CCACC"
"GGATC"
"AAGAA"
"AAATT"
"ACGGT"
"TCCCG"
"CAAGA"
"GTGGG"
"TCTAA"
"TTTAC"
"GGGGG"
"TCTGA"
"CGATG"
"ACGCT"
"CATCA"
"CGGCC"
"TTGAT"
"TCCGT"
"CTAAG"
"TTTCA"
"GTCGG"
"GAACT"
"TGTTT"
"GGGTT"
"CCATG"
"AACAA"
"CATGG"
"TTTAA"
"ACATG"
"GGGTC"
"ACATC"
"TACCA"
"TATTG"
"GATCC"
"CACCA"
"CAAGC"
"CTCCG"
"GAAGT"
"CGTGC"
"TAGCT"
"CTGAC"
"ATCGA"
"TATGG"
"ACGGC"
"TGCCT"
"TTATA"
"TCGAT"
"TGCGA"
"TACAG"
"AATTG"
"GTGTA"
"GCCAC"
"CATCA"
"TGAGT"
"CTCGG"
"TTGTT"
"AGATT"
"AATTG"
"TCATG"
"GCGTA"
"TCGAG"
"AATCA"
"CCCGA"
"CCATG"
"TGTAG"
"GGCGG"
"CTTAG"
"TCCCA"
"TAAGA"
"TTGTT"
"CATCT"
"CACAG"
"TCTGT"
"GAAGT"
"TTCCG"
"GAGTA"
"CCGGG"
"CCGGA"
"TTACA"
"GCTTG"
"GGCCT"
"GGTTC"
"CCTGC"
"AGATG"
"CTCGA"
"CTCTC"
"TGTGA"
"TTCTT"
"GGCGT"
"CTAAT"
"GCAGA"
"AGCTC"
"TTCTC"
"TCATT"
"TGTAG"
"TCCGT"
"ACACA"
"TCCTC"
"AGTCC"
"CTTCT"
"GTATA"
"ATACT"
"GCGGT"
"ACCTG"
"TGCGC"
"ACCGC"
"AATCT"
"AATTG"
"CTGTG"
"TTATT"
"TCTTG"
"CCGGT"
"CGTGC"
"GATGG"
"GACAG"
"TTTTG"
"ACGGA"
"CAGGC"
"CATAG"
"ACAGG"
"GGGAC"
"CTGGA"
"TGTTT"
"TAAGA"
"TTGTG"
"CCCCG"
"CTTTG"
"GTGAT"
"TCCCT"
"AATGT"
"CAAGA"
"GTTTG"
"TTTGG"
"GGCGT"
"TTCCC"
"GCACT"
"CACGG"
"AGAAT"
"TGGCT"
"GACGC"
"AGATC"
"ACGTA"
"GACTA"
"CATTG"
"GGGCC"
"TAACC"
"TCGAA"
"AACGG"
"GGGAG"
"GAACA"
"CAAAG"
"CACTG"
"TGCAA"
"GCGCC"
"AGTTT"
"CTCAA"
"AAAGG"
"AGGAT"
"GCGAA"
"AGGGG"
"GCGTG"
"CGGCC"
"ATGGA"
"AGAAT"
"ACATT"
"GCCGC"
"GAATC"
"GCAGA"
"ATGGA"
"TATTC"
"CCGTC"
"GTGAA"
"ACGGG"
"GTGAG"
"GGGTC"
"TGCTC"
"CACAC"
"GTTCT"
"CTATG"
"ATGTG"
"CCACC"
"ACATG"
"TAGCT"
"CTGGG"
"ACTTT"
"TGCGC"
"ACAAT"
"CAGTT"
"CACTG"
"ACCGG"
"CTCTT"
"GAGCG"
"ATTCA"
"CCGGG"
"AACAC"
"GTCCC"
"GCTGG"
"CAAGG"
"GGCGT"
"TCAGT"
"ACCCG"
"CTCCT"
"GGACG"
"GCTGA"
"CTAAC"
"GTTGC"
"TCGTC"
"GATAC"
"AAGAT"
"CAGAC"
"GCTTC"
"AGGGA"
"GCGAG"
"TAATA"
"AGGCC"
"GACGT"
"TTTTT"
"GTACA"
"TTGAG"
"AAAAG"
"TATTA"
"CCGGA"
"GAGGT"
"AGCCT"
"ACGTC"
"ATTTG"
"GAATC"
"CAGTT"
"CAGCT"
"GTTGT"
"CCCTT"
"TAGCA"
"AGGCC"
"AGATT"
"ATGAT"
"GCGGC"
"AAGCA"
"AGCTT"
"GCTGA"
"GACGT"
"CATGT"
"TTGGG"
"TCAAT"
"TTGTT"
"AAGTT"
"AGCGC"
"TACGG"
"TCCGT"
"TGGAG"
"GCCGC"
"TACGA"
"TCTGC"
"GATAG"
"GAGCT"
"GGAGT"
"TCATT"
"ACGTC"
"CAGGA"
"ACAAG"
"CACCT"
"AGACC"
"AAACA"
"TTAGC"
"TCGAC"
"GAACC"
"TACGT"
"TAAAA"
"TTTGA"
"GCTCA"
"TCCGT"
"TTTGT"
"AGGCT"
"GAGGA"
"CTATC"
"CCAGC"
"CAACC"
"GTAGC"
"TTGCC"
"AGCCT"
"ATGGT"
"CAATC"
"ACCTC"
"ACGTC"
"CGCCA"
"GTATA"
"TTTGT"
"TTTGA"
"CCTGG"
"ACCTA"
"GTCAA"
"CGCGG"
"ACGCG"
"ACGTG"
"TGCGG"
"CATGA"
"TTCAC"
"ATGTA"
"GTGAG"
"AATTA"
"TTTCA"
"CAACC"
"GCGCT"
"ACTTC"
"ACTCT"
"ATCAG"
"AATTA"
"CAGCC"
"ACGGT"
"TTTAA"
"TCGCG"
"AGTTC"
"TCTCT"
"GTGAT"
"AAAAA"
"TTCTG"
"TCGTT"
"TCTTC"
"CCGGA"
"CCTCT"
"GAGCC"
"CAAAG"
"CTACA"
"ACCTT"
"ACGTA"
"CTGTG"
"GACTG"
"CACCA"
"TTGTT"
"AATCT"
"GGTGA"
"AAGCA"
"ACGTG"
"TCGCT"
"CCAGG"
"AACTT"
"ACTCT"
"CCCGT"
"AATGG"
"ACCGT"
"CTAAT"
"CCCGG"
"AAGAG"
"AGGAA"
"AGATT"
"GCGAC"
"CCATA"
"CACGG"
"AATTT"
"AGCAT"
"CCATG"
"TATGT"
"TCATC"
"AAATC"
"ATCCA"
"AACGT"
"TTTTT"
"TCAAG"
"GGTTG"
"CACGG"
"TCCAG"
"CTTCT"
"ATAAA"
"CATTG"
"GCGCT"
"TGCGT"
"GCCCA"
"CCAGA"
"AATAT"
"CTAAT"
"GATAC"
"AAATT"
"TACAC"
"TTAGT"
"CAAAA"
"CTCAC"
"ATGGG"
"CATGT"
"TCAAT"
"GCTGG"
"CTGTC"
"CTGGA"
"TTTGG"
"CGGAC"
"ATTAT"
"TCATT"
"AAAGC"
"AAATG"
"AACTG"
"TTTAT"
"GCGCT"
"CCAGT"
"AACAT"
"CTCGC"
"TGATA"
"AAATG"
"CTTGG"
"TGGGG"
"GTTGT"
"AAAAA"
"TCTCC"
"AAAGA"
"TGTCT"
"ATCGT"
"AGAGG"
"TTGCC"
"TGCTG"
"CCCAG"
"CATGT"
"AGGAT"
"TACTT"
"CACGT"
"TAGTT"
"CACGC"
"CTGGT"
"ATGTA"
"CCCCA"
"CAATA"
"CTGCA"
"CAGTT"
"TCATT"
"TCCCA"
"CTCTT"
"TTCCT"
"ACTGT"
"GACTA"
"AAATA"
"AACAA"
"GACGT"
"TGTCT"
"TCTCC"
"ACCGC"
"CCGGG"
"TGCCC"
"CTTGC"
"GGTTT"
"ACGGG"
"TACCC"
"CTTGG"
"CCGGG"
"TGCGA"
"GAACA"
"CCAGA"
"TTTGT"
"GGAGA"
"TTTGC"
"ACTCG"
"CCTGT"
"CCGCC"
"CACGC"
"AGCGG"
"TATTT"
"GAGGT"
"CCCCA"
"GATGG"
"GGCGG"
"TCATG"
"GACAG"
"TTCGC"
"ATTAA"
"AGCCT"
"GGAGA"
"TAGTA"
"ATAAT"
"TTCAC"
"CAAGA"
"GTGTG"
"CAGTC"
"GCCAG"
"GCAGT"
"ATACC"
"AACGG"
"CTGTG"
"AACGC"
"CTGTG"
"TAAAG"
"TTTGG"
"GGGAC"
"ATTAC"
"GATCT"
"GGCTT"
"GTCTT"
"GGCGT"
"AGTTC"
"CCTGA"
"TCCGC"
"CGTTC"
"CCAGT"
"ACGGC"
"ACACC"
"AAATA"
"TGTGA"
"TGGAT"
"AAGTA"
"TTTCA"
"CTGGT"
"CAATA"
"GACCC"
"GATGT"
"CACGT"
"TCAAC"
"AGTTG"
"CTCAC"
"GTCTG"
"CATGA"
"GTGGC"
"ACTTG"
"TTCTT"
"TTTGT"
"GTGTA"
"CCCGC"
"CACTT"
"AATGA"
"ACTTT"
"CAATA"
"CTGTA"
"TCGGT"
"GCTGA"
"TGGCT"
"AAGTC"
"TAGCC"
"GGCAA"
"TATAC"
"AACGA"
"AAAGA"
"CGTCC"
"GAATA"
"CTCGG"
"CCACC"
"CAGTA"
"AATTG"
"GCATG"
"GCAAT"
"TCCGA"
"GGGTA"
"TCCTT"
"GTGCG"
"GACGG"
"AGCTT"
"CTATG"
"CGCGT"
"ACAGT"
"ATGCA"
"TATTT"
"ATAAT"
"GCGTG"
"TAACA"
"TCCCA"
"AGAAA"
"ATTTT"
"TCTGT"
"AGCTG"
"CAACG"
"TCAAT"
"TATCA"
"TTTCC"
"TAGTA"
"TGTGA"
"AGCTT"
"AAAAA"
"CTTAG"
"ACGGT"
"CTCGC"
"TGGAG"
"TGTAC"
"GCGTC"
"CATTT"
"GCGAT"
"CTCCT"
"CCCCC"
"CTTAC"
"TATCC"
"CCCAC"
"TAAGA"
"GATCT"
"GCGTA"
"CACAC"
"GATTT"
"CATAC"
"ACGTA"
"TTTTG"
"CACGT"
"ACATA"
"AGAGG"
"ACTTA"
"GTGTA"
"ACCCA"
"GGTTT"
"CCAGA"
"AGCGG"
"CACGA"
"GGGTT"
"TGAAA"
"TACAG"
"CTGCA"
"TCACT"
"TGCCC"
"CATAT"
"TTTAA"
"TATTT"
"ATGTG"
"GGCCT"
"GCACC"
"TATAT"
"CAAGA"
"CCTTC"
"CCATG"
"GGGGT"
"AAAGG"
"AGGGG"
"GGCTG"
"AGGTC"
"AAATA"
"TATTG"
"CAAGC"
"TATTG"
"CCGTC"
"TTCCA"
"GAAGG"
"GGGGC"
"GGCCC"
"GAGTG"
"ACAAG"
"TATAA"
"CCTGG"
"CCTCC"
"ACAAT"
"CCGAG"
"GGAAT"
"CGTGA"
"CTCAA"
"ATGTG"
"TGGTT"
"CATGA"
"AAAAT"
"AGCGG"
"GTTAG"
"CCACC"
"GCTTT"
"TTTGC"
"CAGTG"
"ACAAC"
"ACTTT"
"TTGCT"
"GTATC"
"TCCCC"
"AACAT"
"GGGTG"
"TTCAC"
"CCCCT"
"CCGTC"
"TGTTG"
"TAGTT"
"ATGTG"
"CATTC"
"AGCCT"
"TCTGG"
"TTGAG"
"TAAAT"
"GCATA"
"GGAGA"
"CCCCA"
"CCGCC"
"CTAGG"
"GGTAG"
"TCGCC"
"ATGGA"
"CCGAT"
"GATGA"
"GGAGA"
"CCGAG"
"CACGT"
"TCAGA"
"ATCGC"
"GATAC"
"AGCGA"
"AAGAA"
"GTCCC"
"TCCCT"
"ATAGT"
"GTCGC"
"GGTGG"
"CACAT"
"GTTTT"
"CGAAT"
"GCTTT"
"CGTCC"
"ACTGA"
"ATTCA"
"CTATC"
"AAATA"
"AACCA"
"GATAG"
"AGAAT"
"GGGCG"
"GGCTA"
"ACCCT"
"CAACT"
"CAAGC"
"TGGCA"
"TTCGG"
"ATGTT"
"CAAAA"
"TTGTA"
"CGCGT"
"CGTCT"
"GCGGG"
"CTCGT"
"AAGCC"
"GCCAG"
"CACAG"
"TCTTT"
"ATTAA"
"GCCTC"
"CAATA"
"GAGAG"
"ATCCC"
"GCAAA"
"TTGAC"
"TATAG"
"TCTGT"
"AGCTT"
"TTTAA"
"AGAGT"
"CACGG"
"GACAA"
"GGTTC"
"GTTTC"
"AGACT"
"CCAGA"
"CATAG"
"CATAT"
"TACAA"
"CTCTA"
"CATGT"
"GGGTT"
"ATAGT"
"CCAAG"
"CTTTC"
"CTTTG"
"CTTGG"
"TCCGC"
"CGTGG"
"ACTAT"
"TTGTG"
"CCATG"
"CGTCC"
"TAGAC"
"AGCTG"
"TGCTG"
"CATGA"
"TCGGG"
"GAGGA"
"CATGG"
"GAGCC"
"AAAAA"
"TCCTC"
"TCTTC"
"AGGCG"
"ACATT"
"CCCGT"
"TACAG"
"AGGCG"
"GGTGA"
"CCAGG"
"CAGAT"
"TCGGC"
"CATCT"
"GCGAC"
"GGTAG"
"GGCGG"
"TTGAA"
"GTAGA"
"TAATC"
"AAAGG"
"ACCGA"
"CAACT"
"CACGG"
"TATGA"
"TTCAG"
"TGAGG"
"GACCC"
"ATCTC"
"CTTGT"
"TATGC"
"TACCT"
"AGCTC"
"ACGAA"
"TCGTT"
"CACAC"
"GGTGG"
"ATCTT"
"TTCCT"
"CAGTC"
"GTGAG"
"TATAC"
"GGCTG"
"TCTTT"
"CCGCT"
"AAGAT"
"GCGTG"
"AAAGG"
"TATAG"
"GATGT"
"TTAAG"
"CTGGC"
"AGCTC"
"GCAAA"
"ATCAC"
"AATAT"
"GCGGA"
"CGGAA"
"GCAGC"
"CCGGG"
"TCCAA"
"TGCGT"
"ATATT"
"CCAGC"
"TAGTC"
"TATAG"
"TGAGA"
"CGCGC"
"TGCTG"
"CCGCC"
"AGGAC"
"ACCCC"
"TGGCA"
"TAAAA"
"AACTA"
"ATGAA"
"AATTA"
"TGGGA"
"GGTTC"
"ACTGC"
"AACAA"
"GACGC"
"GTTGG"
"TGTCC"
"AAGGG"
"GTTCT"
"AATTA"
"GCGCG"
"TGACG"
"GTGCC"
"TTATT"
"GTCGT"
"AGAGT"
"CTGTA"
"TTCGG"
"CAGTA"
"CCTGG"
"TCCGA"
"CCTGA"
"GGCTG"
"GTTAT"
"TTCCT"
"CCGCA"
"TGTAG"
"CTGTG"
"AATAC"
"GTGTG"
"CCGCT"
"CACCT"
"TGTGT"
"CCATT"
"AACTT"
"AAAGT"
"AAATG"
"ACTTA"
"CGGGC"
"GCAGT"
"CTCCA"
"GCGGA"
"TGCCA"
"TTGTT"
"CTGCA"
"AGAGT"
"CCGCC"
"ACGTA"
"GGAAG"
"TGGTA"
"TTACT"
"GACAA"
"TATAG"
"ACGCT"
"ATACA"
"AACCT"
"TGGTA"
"GGCTG"
"TGGTG"
"GAAGG"
"GGTGC"
"CATGT"
"AAGTC"
"AGCCA"
"TACAT"
"TGGTC"
"TCCAA"
"TGCGG"
"CCTGG"
"CTATG"
"AGGTC"
"CCCGT"
"CCTCC"
"CCCGG"
"CGGAG"
"ACCAC"
"AAAAG"
"AACGG"
"ACACC"
"CACCT"
"TGTTT"
"GGATA"
"TATAC"
"TCACT"
"ACTAA"
"CTCAT"
"GCCGG"
"TCTGG"
"CCGGG"
"GTAAA"
"GCCGA"
"CCTCC"
"CTGGC"
"AACGA"
"TCGAA"
"ACGGA"
"TATTC"
"TCACC"
"GCCAC"
"AATCT"
"ACTCC"
"CCATT"
"AGGAT"
"CAGGC"
"AGTCA"
"TGGCT"
"TATTG"
"GCTTC"
"CTACT"
"GCTAA"
"CTTGT"
"TAATG"
"GAATA"
"TTGTT"
"GATTT"
"TGGGT"
"CCCAT"
"CCACC"
"TATAC"
"GCGCC"
"CTTGG"
"CATCA"
"AACAG"
"GATTA"
"GTCGC"
"AGAAG"
"AATCT"
"GAGTG"
"TTCGT"
"ACCTG"
"GCACG"
"TTTTT"
"AGCTT"
"CATGC"
"CTTGG"
"CCGAA"
"CCGCG"
"AGAAC"
"TTTTT"
"CTCCT"
"TAACA"
"CCCCA"
"TCGGT"
"TGAAA"
"ACCGC"
"AAGAA"
"TCCGC"
"CCGGG"
"AATAA"
"ATCGA"
"TTTTG"
"CCCCC"
"CTATT"
"GAGGT"
"AATGG"
"CTGGC"
"TACTG"
"CACTT"
"CCATC"
"CACCC"
"ACGTT"
"TCATA"
"CTTGT"
"GATAG"
"ATGAG"
"ACGCG"
"CCGGG"
"CATAG"
"CTATT"
"GAGAG"
"GCATC"
"AGGTG"
"CATAT"
"CATAG"
"TGGCC"
"ACCGG"
"AAGGA"
"ATGTG"
"GACAT"
"ACGGT"
"AGAGA"
"TAATT"
"GGAGA"
"CATAT"
"CTACA"
"TTAGC"
"GAAAA"
"TCTCA"
"GAGCT"
"CAAAG"
"GGTAC"
"ACGGA"
"TCTAC"
"AGAGA"
"TGAAG"
"TGCCT"
"GGAAA"
"TATAC"
"CTTAT"
"TCCGC"
"CTACC"
"AGTGC"
"CCCTC"
"TGGTG"
"GGAAA"
"CATGT"
"CTGCT"
"ACCGA"
"GGCAG"
"AGAAT"
"ACCTG"
"TAGAG"
"CTCGG"
"GACAG"
"CCAGG"
"TGTAA"
"TGTGG"
"AGCGC"
"CTGGA"
"GTATA"
"CTGTC"
"CTGTC"
"TAGCT"
"GGATT"
"TTAAA"
"CTTGG"
"AATGT"
"CCTGA"
"TTTAT"
"CCGCC"
"CAGCA"
"CATAC"
"GAGTT"
"CAGCA"
"GACCA"
"ACTTG"
"TGTTT"
"CAACA"
"TTGGG"
"TAGTA"
"CACGC"
"TTGTC"
"TTTGT"
"TATAT"
"CCATG"
"CAATG"
"ACCGT"
"TGCGG"
"TATCC"
"CATTC"
"CCCCT"
"CCGAG"
"CCCAG"
"GGGTC"
"AGGCA"
"ATTTG"
"CTAGT"
"GGGGG"
"CCAAT"
"AGCTT"
"AATGG"
"GTTGG"
"ACAAT"
"CCGCT"
"TAGGA"
"TGGGG"
"ATAAC"
"CTGGA"
"ATATT"
"AGTGA"
"AGAGG"
"CGATG"
"TTAGC"
"CACAG"
"ATAAG"
"CACTC"
"AACTA"
"GATGG"
"TCTGT"
"GGAAT"
"CCGGA"
"TTCGC"
"GCCTC"
"CACTG"
"AGTTT"
"CAGAG"
"TGCAT"
"TTGCA"
"GCGTG"
"TCTCA"
"AGTCT"
"CAGGT"
"GGTAT"
"GGAAA"
"CTCTT"
"CCCTA"
"CACTG"
"AATGG"
"TTCCC"
"TGTAA"
"AAGTT"
"ACAGT"
"CTAGG"
"GAGAG"
"CATCA"
"AGGGC"
"GTTTC"
"TGGAG"
"CACAA"
"ATAAA"
"TGCGA"
"GTTGT"
"TTTTT"
"AAACT"
"CACCC"
"AAGGG"
"CTCTA"
"ATATT"
"ATGGA"
"TCCCC"
"AACGA"
"CTGCA"
"GAGCT"
"GCATG"
"TCCTC"
"CTCGC"
"GAGAG"
"TCAGT"
"AAAAG"
"ACCTT"
"GGGAC"
"CCGCG"
"TTACC"
"CCAGA"
"ACACT"
"ACTGT"
"CGTAG"
"ACGGA"
"ACCCC"
"TGCCA"
"GAGGC"
"CTCAC"
"GGTGT"
"AATTT"
"CTACT"
"GCGCG"
"AGTCA"
"GACTA"
"AGATT"
"GGTGG"
"TGAGG"
"CAATG"
"TCTGT"
"CATAA"
"GAGCG"
"ACTCT"
"TCAGT"
"ATGCA"
"GTAAG"
"TTAAA"
"TGGGA"
"AGTGC"
"CACAC"
"CAAGC"
"AGTAT"
"CAACA"
"ATCTG"
"ACATG"
"GGCAT"
"GACAC"
"AGGCA"
"ATGAT"
"TCAGA"
"AATGC"
"TGTAT"
"CCGGG"
"TATGC"
"ATATA"
"CCTGC"
"TGTGG"
"GCGGA"
"CTCCT"
"CTGGG"
"ACTTA"
"ACCTT"
"TGTGA"
"ACGAT"
"AGTTG"
"CCCGA"
"CTTAG"
"CCGGA"
"CCTTC"
"TTTTT"
"TTCGC"
"TCCGC"
"TCCTG"
"TCTGA"
"CCTCA"
"GGTTC"
"CACCA"
"ATCTA"
"CACAG"
"TCCTC"
"TCGGT"
"ACAGC"
"TTCTG"
"GCAAA"
"TAGGC"
"CGCTC"
"CCAGC"
"CTCGG"
"ACAAA"
"CCGTC"
"GGTAT"
"CCCCC"
"AAGGC"
"GCACG"
"TATGC"
"CCCGG"
"GCGAG"
"ACGGA"
"CACGC"
"GACTT"
"CCTGG"
"ACCCC"
"AGCCC"
"AATAT"
"TCGGG"
"TGTCA"
"CACAC"
"ACTCC"
"CCTGC"
"AGGGG"
"CTGTG"
"TAGGA"
"ACCGC"
"TTCCT"
"CCATG"
"TCATT"
"CTTCG"
"CATGG"
"TGTTT"
"GAAAG"
"CGGCT"
"GTGCT"
"GTAGC"
"TCGCT"
"AAGTG"
"CTCAC"
"GGGTT"
"TCGAG"
"CAGCA"
"TATGC"
"ACATT"
"GTTGA"
"CAATC"
"TCCCA"
"CCATG"
"GCATG"
"GGCGC"
"GGCCC"
"CGTGT"
"TCGGA"
"AATAT"
"TACTT"
"CATAT"
"CTATT"
"CAGTA"
"TACTA"
"CCCTG"
"AGATA"
"CACTT"
"ACCGC"
"AAACC"
"TTAGA"
"ACAGA"
"CCCGC"
"TCAGG"
"GGTCC"
"CCCAA"
"GCGGT"
"ATGTA"
"GCAGG"
"CCCCC"
"TCCTT"
"CCAGA"
"ATCTC"
"TTGTA"
"TGCTG"
"GGTCA"
"AATGA"
"AATAC"
"ATAGA"
"AAATT"
"CTGTA"
"AAGAA"
"CATTG"
"GGCCC"
"TTTTG"
"ACGGT"
"ACGAC"
"GCTGT"
"AAGCC"
"TAATT"
"TGAAA"
"AAATA"
"GGCCC"
"CATAC"
"ACAGG"
"GCGGG"
"GTCGG"
"ACGCT"
"AGGAC"
"ACAGA"
"TTTAT"
"GGCGC"
"CATTG"
"TCTGT"
"ACATA"
"CATGC"
"CCCGC"
"TTGTG"
"ACTCT"
"ACCGG"
"AAAAT"
"TGCGT"
"GCATC"
"TACGT"
"GACTT"
"TGGGG"
"AGTAG"
"TTCTG"
"CCCGG"
"ATATA"
"GTGAA"
"CACCA"
"TCAGT"
"ACTTG"
"TATGA"
"ACGTG"
"GGGAC"
"TCCTG"
"AGATG"
"CTTGT"
"CCTCA"
"GATAG"
"AAGAA"
"TTCGA"
"CCCGA"
"CAATT"
"TACGC"
"ACATC"
"CATAT"
"TGACT"
"TGGTT"
"AGGCA"
"GGCTC"
"CTCAA"
"TTCCT"
"AAACA"
"TCAAA"
"ACGAC"
"CCGAG"
"TGGCA"
"CCCGG"
"GCACC"
"TTGTA"
"GGACC"
"GCCCA"
"CAATC"
"CTGTG"
"GTGCC"
"TCTAG"
"TAGGC"
"CCCTA"
"AACGT"
"CCAAT"
"TTGGT"
"AAGAA"
"CACCT"
"ATATA"
"TGGAA"
"CAGTC"
"TCTTT"
"TGGGG"
"AAATT"
"CAGTC"
"CACTA"
"CTCGG"
"CACGC"
"TTATT"
"GCTTA"
"CCCAT"
"CAGAT"
"CTATA"
"GAGTC"
"TGAAA"
"AAAGA"
"TCTCG"
"CGCCA"
"TCCCT"
"CCTGC"
"CATAG"
"TCTTA"
"AAATA"
"AACCT"
"CAATC"
"TTTAT"
"CCATG"
"TGCGA"
"GCATG"
"GGCTT"
"GCGTG"
"TTCAA"
"GGGCC"
"GTCGC"
"ATCGC"
"CTCCA"
"ACACC"
"TGATC"
"TATCA"
"TCAGG"
"ACGCT"
"ATATT"
"ACAGC"
"ACAGT"
"ATATG"
"GCCCA"
"CACGC"
"CCCTC"
"GCGCC"
"TTTTC"
"CATCC"
"GATGC"
"ATATG"
"ATGCG"
"GCGCA"
"AGGCA"
"TTTGT"
"GCGAC"
"TACGG"
"CCTCC"
"GCAAG"
"GATCT"
"GCTTG"
"AACCA"
"GCTGA"
"TGCGT"
"GGATT"
"GCAGG"
"TTATA"
"CTGGA"
"GCTCT"
"GCGGT"
"TACTT"
"GCGGT"
"CTAAC"
"GGCAG"
"ACGGG"
"TCGAG"
"TCAAT"
"ACCTT"
"TATCA"
"ACAGG"
"GGGGC"
"CATAC"
"TCTGG"
"CATAT"
"GTCCA"
"TAATT"
"TAGGG"
"ATAGT"
"TGCTG"
"GACAA"
"GCCCA"
"ACTGT"
"CCCAC"
"TTCCT"
"CTTTC"
"AACTG"
"TCCTT"
"CTGTA"
"TGCAA"
"GGACT"
"ACAGT"
"TCTGC"
"GAATA"
"CCGTA"
"CGCGT"
"GTCAG"
"AGCCT"
"TTATT"
"TTATT"
"ATTAA"
"TTTAT"
"CCCGG"
"ACGTA"
"CTCGG"
"TACCC"
"TTCGA"
"TCCAC"
"CCATT"
"TGGTA"
"ACGTG"
"GAACA"
"CAAAA"
"AGGTC"
"ATGGT"
"TGGGC"
"ATATA"
"GCTTC"
"GGTTG"
"GAGGA"
"AGATG"
"ATATC"
"TGCTG"
"CAAGT"
"ATATA"
"AGGCT"
"TCCGT"
"TGATC"
"ATGTA"
"ACGTG"
"AAAAG"
"AGGAG"
"AAGCA"
"CCTTG"
"AAATT"
"ATGCA"
"AACGA"
"TGTGT"
"GATCA"
"TGGGC"
"CCACA"
"TCCTA"
"TCTGC"
"CTCTT"
"GCTCC"
"TTTTT"
"TCCAG"
"AACCC"
"GGCGG"
"AGAAG"
"CCGTT"
"CACGT"
"CTCTT"
"GTTGT"
"CACGC"
"AAAGA"
"AACGT"
"TCACC"
"CAACA"
"GAGAA"
"CCGCC"
"CCTAA"
"ATGTT"
"CCGCT"
"AGGTT"
"CCACC"
"CGCGC"
"TTTTT"
"TGCGT"
"CCAGG"
"CAAAA"
"AACGA"
"GGATC"
"GGTTT"
"TTATC"
"GTTTA"
"AACAG"
"CCTGA"
"TGTGA"
"ATCGT"
"GCTGA"
"TCATG"
"CAACT"
"GGAGC"
"TGCAC"
"TCTCA"
"ATTAT"
"AAAAA"
"AACCC"
"CACCC"
"CACGA"
"CACGC"
"AACTT"
"GCCAA"
"GACCT"
"CAAGC"
"TACGT"
"TCTAA"
"AAGGG"
"TGCAA"
"ACGTA"
"ACGTC"
"GCCTT"
"CACTA"
"TCCGG"
"TCCGG"
"GTCGG"
"TCGTC"
"ACGGA"
"TTATG"
"ACTCT"
"CAGTA"
"AAAAA"
"AAAGA"
"TGTCG"
"AATAT"
"CTTTG"
"TTGTA"
"TTATT"
"TTAAA"
"ACTGC"
"GAACT"
"AGCCC"
"CAATA"
"ATTTC"
"GGTGG"
"CCCCA"
"GACTG"
"GGGTG"
"ACATT"
"TAATA"
"AAAGT"
"TCTGT"
"ACCTC"
"ACATG"
"TCCTT"
"TGGGC"
"AATCC"
"AGCGA"
"GGATG"
"TCTGT"
"CCGTC"
"TTTGG"
"TCGGC"
"AACTT"
"TTCCA"
"AGAGG"
"TCCCT"
"ACCCA"
"GCACA"
"TGGGA"
"ATATT"
"GGGGC"
"TACCC"
"TAATG"
"GCCGA"
"CAGTC"
"AAGTT"
"AATCA"
"CTTCT"
"TTTGA"
"ATCTC"
"CATCA"
"GGGAC"
"TTACA"
"GGACT"
"TTTTC"
"CTGCT"
"AAGAA"
"TGTTA"
"ACGGG"
"GCACC"
"TAGTT"
"TAGAA"
"GGGCT"
"TGGGT"
"AGTAT"
"AAGTT"
"CTATT"
"GGAAG"
"ATCAT"
"TGATA"
"TTATT"
"TCCTT"
"CTATG"
"CTTGG"
"TCTAA"
"ACATA"
"CAAGT"
"CCGAG"
"ACGGG"
"TTGTG"
"TTATC"
"GTAAA"
"ATTGA"
"GTGAG"
"GCATG"
"ATCGC"
"CCTGA"
"AGGCA"
"TCTTA"
"GCGTT"
"GCTGA"
"TTTAA"
"CAAAC"
"ACATT"
"TCGAA"
"AACGC"
"TTTTT"
"TTTAT"
"CACAT"
"CCTTT"
"CCGTC"
"TACAA"
"GCTGC"
"CACGG"
"CCGGC"
"CAGAA"
"CGCCC"
"GGGGA"
"TCCGT"
"CTTGG"
"CTGAG"
"CATGC"
"ATTTG"
"TGGAG"
"TGCGG"
"TTGTA"
"GCGAC"
"GGGTG"
"TGCGG"
"CTACT"
"GAACC"
"CTCAC"
"GGCCA"
"AAACA"
"TCGGG"
"TAATA"
"TCGCC"
"CCGGG"
"GTATC"
"TCATA"
"CTGCT"
"ACCGA"
"TGTTT"
"ATTAT"
"TCGTG"
"AGGGC"
"ACTTG"
"GTCCT"
"ACAGC"
"GCGAT"
"GAAGC"
"TAAGA"
"ATCTA"
"ATAGA"
"GACGG"
"GTGTA"
"AAAGA"
"CGCTG"
"CCATT"
"AGATT"
"TGTCT"
"ACGTC"
"CAAAC"
"CAGGG"
"AATGT"
"AGCTT"
"TTCGC"
"GTGCA"
"TGAAA"
"TCACA"
"TCATT"
"AACAA"
"TGTGG"
"AAATC"
"CCTCT"
"CCGAA"
"TGGCC"
"ACACT"
"GGTTG"
"AAAGA"
"TACTA"
"AAAGA"
"CAATT"
"GAGAA"
"CTGTG"
"AATGG"
"AGACA"
"CCGTG"
"CCCTC"
"GATTT"
"AGCAG"
"CCCAG"
"AGGGG"
"CCGTG"
"GGGCA"
"TCGTC"
"ATAAA"
"CCCAC"
"GGGCC"
"TTATT"
"CTGTA"
"CAGTA"
"AGCAT"
"TCATA"
"AAAAA"
"TCACA"
"AGGTA"
"AAGTT"
"CAGAG"
"AACTC"
"CAATG"
"TATAT"
"GAAGA"
"CCGAG"
"GTCGA"
"CCCAT"
"CCGAG"
"GCAAC"
"CATGA"
"CATTC"
"CCCGA"
"CTCTC"
"AACCA"
"CAGGA"
"AACGC"
"AGTCC"
"TTGAA"
"GAAAG"
"CAGGT"
"TGATG"
"AACTT"
"AAGAA"
"CCCGC"
"CCGCC"
"CCGTC"
"CACCC"
"ACCCC"
"ATACT"
"CTTCT"
"GAGTA"
"GAAAA"
"TGCTC"
"TTGTT"
"CATTA"
"CTCTT"
"GAGGA"
"TTGTA"
"TCTCA"
"GCGGG"
"ACATA"
"GCGGG"
"TAACC"
"TAGTG"
"ACATG"
"TTTCT"
"GTCCA"
"AGAAG"
"AAATT"
"AGTGA"
"TACTG"
"CCGCT"
"GCATG"
"AAGTA"
"CAGAA"
"GGTGG"
"GTGTA"
"CGAAG"
"AACAT"
"CCATC"
"TGGTT"
"CCACC"
"CAACG"
"CAAGT"
"AATCT"
"ACGGT"
"AATGG"
"ACACA"
"ATTGA"
"AAACT"
"CCGGT"
"GAGGT"
"TACTT"
"TATAC"
"GTCTG"
"GCGCA"
"TGATC"
"AACAG"
"GTGCT"
"CCATT"
"TGTGC"
"TCCGG"
"CATCA"
"AAATT"
"ACGGT"
"GGATC"
"ATTGT"
"ATGGT"
"CTTTT"
"TTATT"
"GGATG"
"GCACA"
"GGCGT"
"CAGAC"
"GTGTA"
"CTAAG"
"ACGTT"
"TTGTG"
"AAGAA"
"TTCAT"
"GGGGA"
"ATGAC"
"TGCGG"
"ACGCA"
"TATAT"
"TCAAG"
"CTAGG"
"GCAGA"
"GGGGG"
"TTGTT"
"TCGGA"
"GCACT"
"ACTAG"
"GTGTA"
"TTATA"
"CCGAG"
"GCGCA"
"TCACC"
"CAAAG"
"CTTCC"
"TTATA"
"GGGCC"
"CTAGC"
"AGCCT"
"ATTTA"
"GGCGC"
"AGTTA"
"AGGTT"
"GCGTG"
"TATCC"
"CCGCC"
"GGACC"
"GTGAG"
"GGAGT"
"TATAG"
"TCAGC"
"ATGGT"
"CCTGT"
"GCAAA"
"GCAGA"
"GATCT"
"CCACC"
"TCCGC"
"AGCGA"
"GGGAA"
"CCGTT"
"AACAA"
"ACGTG"
"TGTTG"
"GGTGG"
"TTCTT"
"GGCAT"
"ACAAA"
"GCCGG"
"AGTTT"
"GCCCG"
"TCGTC"
"AGCGG"
"ATAGT"
"GAACC"
"GGGCA"
"TAACT"
"AAGAT"
"TGCAT"
"AAAGA"
"GTGAT"
"AAGAA"
"ATGCT"
"CACTT"
"CATGC"
"TTGCA"
"CTCTA"
"CTTTT"
"CCCAG"
"CGTGA"
"GGCAG"
"ACATT"
"TTGCT"
"GGCCT"
"TCCGT"
"TGACA"
"CTATT"
"TGCGT"
"TATAG"
"CATGC"
"ATGTA"
"GCTCC"
"CCGGT"
"TTTGC"
"AACCC"
"TCTCA"
"TATTT"
"TGTGT"
"GGCCT"
"GAATC"
"GCAGG"
"CAATA"
"GCCGT"
"GTACA"
"GGCGA"
"TCAGT"
"GCCGC"
"CACGT"
"ATGGA"
"CAGAT"
"CTCAA"
"AAGTC"
"AGTTT"
"GATGG"
"GGGAA"
"TTTAA"
"CTCAC"
"TAGCA"
"CACAG"
"CCTTC"
"TCAGC"
"CTCCC"
"AAGAT"
"CAAAA"
"CCGGG"
"CCGGG"
"TACAG"
"GCGTG"
"TTATA"
"TCCCT"
"AGTAG"
"TCGTG"
"CCGGG"
"GTGAG"
"GAGCA"
"CACGT"
"CCAGT"
"CCCTG"
"TACTG"
"GGAAA"
"CCTAC"
"AACGG"
"ACTGG"
"CTATT"
"CCTAA"
"TGCAG"
"GCCGG"
"ATATT"
"TCCGA"
"CTCTC"
"CTCTC"
"GACAA"
"GCGCT"
"TCCCA"
"GGAAA"
"ACATG"
"CTATG"
"GTGTG"
"AGATA"
"TTCAG"
"TTTCT"
"TCACC"
"CCTGC"
"ATGTA"
"GCTGT"
"TTGGA"
"AGGTG"
"GCTGA"
"GCCTG"
"GCGTT"
"GTGTC"
"ACCGC"
"ATCAT"
"CCCCC"
"TCGTG"
"CCTGT"
"TAGGA"
"TGAGC"
"AATCT"
"TGCCC"
"AAACC"
"CTTCC"
"TGTCA"
"GTCTC"
"CCCGT"
"CCGGA"
"TGGTA"
"TGAAG"
"AATTG"
"TGTAA"
"CTTCT"
"CCGGA"
"CCGCT"
"GATCC"
"CCATA"
"ATATT"
"ATCAC"
"CTGCT"
"GATCA"
"ACCAG"
"GCCGC"
"GGTGT"
"CAGAA"
"CCCAC"
"AAATA"
"AGTTA"
"GGAAA"
"AGGGG"
"TACAC"
"AACGA"
"ACGAT"
"TCCCA"
"GCCGT"
"CAAGG"
"TGGGA"
"ATGCC"
"TATAT"
"AAATT"
"GGTGT"
"GCGTG"
"ACCAT"
"GTGCA"
"GTGTT"
"ACACT"
"CATTC"
"TGTGT"
"CCGAG"
"ACGGT"
"ATTTC"
"AAGAA"
"ACGGG"
"AGATT"
"CAACT"
"GGACT"
"ACGGC"
"TACCA"
"TACTG"
"GTGCA"
"ACTTT"
"ACCAC"
"CCGCT"
"TCGTA"
"TGCTC"
"AGGAA"
"TGTGC"
"AATCT"
"AGATC"
"AAGTC"
"CTATA"
"TACTC"
"CCTGG"
"ATGAG"
"GGCAA"
"TACAA"
"CAGTG"
"CGAGA"
"CTGTT"
"AAGGA"
"TGACG"
"TCCGC"
"CAGTG"
"TTTAA"
"CTCGA"
"CTGCA"
"ACGAT"
"GACAA"
"AACGG"
"GCGCC"
"CTGTA"
"AGGGA"
"TTTCC"
"GAAAG"
"TGATA"
"GCTAT"
"TTGCA"
"TTCCA"
"ACGTG"
"AGCCA"
"CCTAG"
"AGTAC"
"TGTTT"
"TTCCT"
"TGGTT"
"ACGCC"
"GCGCA"
"GTAAG"
"TACGT"
"TATGT"
"TATTG"
"CTCTT"
"CCCCT"
"TCGTC"
"TTATA"
"ACAGG"
"ACAGA"
"CTGGT"
"CCATC"
"CCTGT"
"AACCC"
"CCCGG"
"CTGTA"
"CCGGG"
"CCGCC"
"GATGT"
"TGCCC"
"GACTT"
"TCATG"
"GAGGC"
"CTCTG"
"AGCCT"
"TGATG"
"CGCTT"
"GTGTT"
"GGATG"
"TGACC"
"ACACA"
"AGTGG"
"TGTAC"
"GTTCT"
"AGATG"
"TTCTG"
"CCCGA"
"CCCGG"
"CAACA"
"AGGGA"
"CTACC"
"ACGTA"
"CTATA"
"GAATC"
"CCCGT"
"ACCAT"
"TGAGA"
"GCGGA"
"CCAGG"
"TCATG"
"CCAGG"
"AAACT"
"CCACC"
"ACCTC"
"TGCGC"
"TCATT"
"GCGAA"
"TTTGT"
"AATTT"
"TCATA"
"AGATT"
"AAGTT"
"GCCGC"
"TATAC"
"AAATG"
"CTCAT"
"GTACC"
"CTGTT"
"TCTGC"
"TCCTC"
"GAGGA"
"ACTGT"
"ACGCC"
"AACGA"
"AGAGT"
"GGGGA"
"CACGA"
"CTTAA"
"ACTGT"
"GGCGT"
"ACTGC"
"ACGGG"
"TGCAG"
"TCCTC"
"TACAT"
"CTTGC"
"TGATC"
"CGGTC"
"CCACA"
"TCCAA"
"CGTGT"
"CTAGA"
"GCCAT"
"AACGG"
"AATGC"
"TGATG"
"TACGA"
"AAGGC"
"CTGTC"
"GGTGT"
"TTCCT"
"TCGGG"
"CTCGT"
"TGATG"
"AGCTG"
"TCCCT"
"CTGCT"
"ACGCC"
"GAAAG"
"ATGAA"
"TCAGA"
"GCACC"
"CATAG"
"TCTTT"
"AGATA"
"TGTGT"
"TAGCA"
"TCCGC"
"GCCTC"
"TTGCT"
"CTATA"
"CCCGT"
"GACGA"
"AAGAT"
"GCCAT"
"AACTT"
"TTGGG"
"CATGC"
"TACGA"
"CATAT"
"AAATC"
"CCCCT"
"ACTGC"
"GCGTC"
"CGCAG"
"CACTG"
"CTATG"
"AATTA"
"ACCTG"
"GGAAG"
"CACCT"
"TTAAT"
"AGCGG"
"ACGTA"
"TGGAG"
"GACGG"
"ACCAC"
"GATTT"
"ACCCT"
"GATTC"
"TGTCA"
"GCCGA"
"TCACC"
"AACGA"
"ACCCA"
"GCACC"
"ACACC"
"GGGAA"
"CAGTG"
"CGACG"
"GTGGT"
"GGCCT"
"ACCTT"
"GATCT"
"CCCAG"
"CAATC"
"TGCCT"
"CCCGG"
"TAATT"
"AGGAA"
"TTAAC"
"ATTTT"
"GACCA"
"AAATA"
"TCAGG"
"CCTGT"
"CAGAT"
"ATTGC"
"ATAAT"
"ACCAC"
"AGACA"
"ACATA"
"ATTGC"
"CCGCC"
"TATAT"
"CCACC"
"ACGAA"
"AACGC"
"CTTCA"
"GGGAG"
"AACAC"
"TCGGC"
"TACAT"
"CCGCC"
"ATCAA"
"GCACT"
"CTATC"
"TTTTG"
"AGTGC"
"CTCAT"
"ATTAG"
"CTCGC"
"GATAG"
"CATTC"
"CTATC"
"AGCGT"
"CAGGC"
"TCATC"
"GGGCA"
"AATTG"
"TGATC"
"GGCAA"
"TTATC"
"ACGTG"
"TTATG"
"AACTA"
"TGTAT"
"TATAT"
"ATAAC"
"CCGTT"
"TAGGA"
"ACATC"
"CTCGC"
"CAACT"
"CACGA"
"TGTTG"
"GATGT"
"ACTAT"
"CATCC"
"AGAGC"
"GTCGC"
"TCGTT"
"ACTCC"
"TTGCA"
"AGAAA"
"CTTCC"
"ACTTT"
"GAACA"
"ATCAT"
"TTTTT"
"GATTG"
"ATCAC"
"GAACA"
"TACCT"
"ATCTA"
"TGACA"
"AAATA"
"TTATC"
"CTTAT"
"CCACT"
"TTCCT"
"TATTC"
"TCCAT"
"CCGTC"
"GCCCT"
"CCATT"
"GGCGG"
"GGCGG"
"AATAA"
"TAGTT"
"AGTTT"
"CCGGG"
"TTTTG"
"TAAAA"
"TTGGG"
"CACGC"
"TGGGC"
"CACGC"
"AGGGT"
"AAGTC"
"TATTG"
"AATAG"
"TGTGC"
"CGACT"
"CAGAG"
"ACAAA"
"CAAGA"
"ATGTA"
"ACTCT"
"ACGCA"
"CCGAC"
"TTAAC"
"GCATT"
"TAGAG"
"CAGAC"
"TATTC"
"CCCGG"
"ATTAC"
"CAATT"
"TTTAA"
"GAAGT"
"TATGG"
"CACGG"
"CTTTG"
"ACGGT"
"TAGAT"
"AACAA"
"ATATA"
"TTCCC"
"GATAC"
"AAGAA"
"GTGGC"
"CAACA"
"CTGTG"
"CTCCG"
"GAGTC"
"CCTTC"
"CAACG"
"ATTAC"
"CCTTA"
"ACAAG"
"CTGTG"
"TGCGC"
"CATGG"
"CAGTG"
"TGTGT"
"CGGGC"
"ATGTT"
"ACATG"
"TTACC"
"CCGAA"
"AGGCT"
"TCCTC"
"TTGTA"
"ACCCT"
"CTAAG"
"ACTTT"
"CACGG"
"CTGTC"
"TGTGA"
"ATGAA"
"TACAC"
"CTAGA"
"GCTCT"
"TTTAA"
"CGTGA"
"GACAT"
"GGCCG"
"GTATT"
"CCGCC"
"GCGGG"
"GGACC"
"AGCCT"
"GGGGC"
"ATTAT"
"TTTGT"
"AACAA"
"AGGGG"
"CTTGG"
"TAACT"
"GTTTT"
"AGACA"
"GCGTC"
"CCTGG"
"CCATA"
"TCCAG"
"AAATA"
"TAGTT"
"GGCAA"
"GGACA"
"AGCAG"
"ACTGT"
"AATCT"
"GCAAC"
"TGCTG"
"TGCAA"
"GCCGT"
"AGGAC"
"ATATC"
"GCGAC"
"GTTGG"
"AGGTT"
"CCGTG"
"CGTGG"
"CCAAA"
"GCAAT"
"TAAAT"
"GGGGT"
"TGTGA"
"CTTTC"
"AAGAC"
"AGCAC"
"GGGTA"
"TCCAG"
"CAGAT"
"CATCT"
"ACCGC"
"GCCAG"
"GTACC"
"TCTTC"
"TCAAC"
"ATGCG"
"TGTTT"
"GTTGC"
"CATTG"
"AGCGC"
"ACATC"
"ATTTG"
"CACGC"
"TATTG"
"GGGTA"
"TTCAA"
"ACCTG"
"TTATA"
"ATCCC"
"TAAAG"
"GGCCC"
"GCCGG"
"CCCAG"
"CACCT"
"CACGG"
"TAACT"
"CAAAG"
"CCCGG"
"TTCAA"
"TTAAT"
"GAGCT"
"AACGT"
"AGGGA"
"CACGG"
"GGAAG"
"ATGAA"
"GGCCT"
"GTGGT"
"GCGGG"
"AAGAA"
"CCTGA"
"CGCTT"
"TGAGG"
"GTATC"
"TTCCT"
"TATAG"
"TTGGG"
"AGACC"
"ATACT"
"CCGGG"
"GATTC"
"TGGGG"
"CAGGA"
"AAGTT"
"GACAA"
"TGTCA"
"ATTCC"
"TCTGC"
"ACTTC"
"TTCTT"
"ATCTG"
"CTAGC"
"ACAGT"
"ACGGC"
"GGTTG"
"AAAAG"
"TGTAA"
"CCGGG"
"TCCCC"
"GTGAG"
"CAGCA"
"TCTAG"
"ATGTA"
"CATCA"
"CGCTC"
"AGGAA"
"TTTTA"
"TACTG"
"ACGGT"
"GATAG"
"CTGTA"
"CGCTC"
"GAGGA"
"CCGAA"
"CCAAG"
"AGGAG"
"GCGGT"
"GGTTG"
"AATTC"
"GTGTT"
"CCACC"
"TTCCC"
"CCATC"
"GAATT"
"GGGCT"
"TGGAT"
"CCTTC"
"TGGAA"
"TTTGC"
"TTCTC"
"AGGCC"
"CACGA"
"ACGCG"
"TCGTA"
"AGGCC"
"GATAG"
"ACGCT"
"GATAA"
"TCTCA"
"CACTA"
"ATGAG"
"TGCAT"
"CCACC"
"CTTGA"
"TAGGT"
"TAGTA"
"TTGCA"
"TCTAA"
"GACCA"
"AAAAT"
"TGTCT"
"GGCAG"
"TTTCT"
"CTCAC"
"CATGT"
"TGGAT"
"TACCT"
"GCGTG"
"CGGGG"
"TGTGG"
"ATAGG"
"CTAAT"
"ACTAG"
"AAAAT"
"AACAA"
"TCACC"
"TTTAA"
"AAAGA"
"TTTGT"
"TATAA"
"TGATG"
"GTGTT"
"TCGTG"
"CCTAA"
"TTATA"
"CTGTC"
"TCCGA"
"ATTTG"
"ACCAT"
"CCGAG"
"GCATA"
"AACCT"
"AGGTT"
"ACACC"
"AGCGC"
"ACACT"
"TCAAC"
"CACGA"
"ACATA"
"TCCTC"
"GCCGT"
"TAATC"
"TCTGT"
"TCGGG"
"AGTGT"
"CCTTA"
"ATGGT"
"CCAGG"
"TCCTG"
"AGAGT"
"GATGT"
"TCATG"
"CCTAC"
"ACATC"
"CCAGT"
"CCGAA"
"AATGG"
"TCTAG"
"CTAGT"
"TACTT"
"TCAGC"
"AGGAA"
"AAAAA"
"CAGGT"
"CCAAC"
"GGGCT"
"CCGGC"
"CCCGC"
"CCTTC"
"TTAAG"
"TCCTT"
"TTTCT"
"CTAAA"
"AACAT"
"AGAAA"
"AAGAA"
"AGTGC"
"CCGCA"
"TACAC"
"TTATT"
"TCATA"
"CCTTC"
"CGGGC"
"CAGGA"
"TTAAT"
"CCGCA"
"CTCGC"
"ATTGG"
"TATTT"
"TCCGG"
"GCGGG"
"TAGTC"
"AATCC"
"TTTTG"
"GCCTC"
"TAGGT"
"CTCAT"
"AAATT"
"AAAGA"
"TTGGC"
"TAGAG"
"CAGCC"
"CCTGT"
"CCGGG"
"AGGAG"
"CTACA"
"ATGGG"
"CGGGG"
"CGTTA"
"ACGCT"
"TCATT"
"GGCAC"
"CTAAC"
"ACGCA"
"AACAA"
"GAAGA"
"GAAAT"
"AAACC"
"GGTTG"
"GTCCC"
"TAAGC"
"CTTCT"
"GCTGT"
"ACAAC"
"AGGAA"
"AGCGT"
"GGCGC"
"CTTGT"
"CCGTG"
"TTGCT"
"AACGG"
"CTTTC"
"AGCAC"
"GGGCC"
"CAATG"
"TCCTC"
"CTGTG"
"GCTGA"
"AGGTA"
"TCAGC"
"GGGAA"
"ATGGA"
"ACGCT"
"CTTTG"
"TAACT"
"ACTCT"
"GGATG"
"GGCGG"
"CAGGC"
"GCCCC"
"TTGGG"
"TATTG"
"GTCTC"
"GCCGG"
"TCGTA"
"TAATA"
"GCAGA"
"GGCTC"
"CTAGA"
"CATCA"
"TTTTA"
"CAGGC"
"ATTTC"
"CCGGC"
"TAGAG"
"TCGGG"
"CTATA"
"TCTTC"
"AGCGA"
"ATTTT"
"CCATT"
"AACGC"
"TGTTT"
"ACGTT"
"ATCAT"
"AGACT"
"AACAG"
"CCTAG"
"GCTGA"
"CTGAT"
"CAATG"
"AACAG"
"CTCTG"
"ACGTG"
"TCGAA"
"CCACT"
"ATTTG"
"GCACT"
"AGCGG"
"GTAAA"
"CACGC"
"ACATG"
"ACGGA"
"AAAAT"
"TTTTA"
"AAAAG"
"TCCTC"
"GAACC"
"CATGC"
"TCGTA"
"GACAC"
"TATAG"
"ACTGG"
"GTATA"
"TCTGT"
"ACGGA"
"CTCGT"
"CTGTC"
"TGGTG"
"CCGGG"
"CCGAG"
"CAATT"
"CACAG"
"GGCAA"
"GTATG"
"TTTTT"
"TGTTA"
"TAGAG"
"TTGCC"
"GCAGG"
"TGGTT"
"CCAGT"
"CCAGT"
"AGCGC"
"AAGAG"
"ATCGC"
"GCGGG"
"GAGAG"
"ACCTG"
"CCGCC"
"AACAC"
"CAGGA"
"TTCAC"
"TCCCA"
"CACAG"
"ACCCC"
"CTTGG"
"ATGCA"
"TAGCA"
"CCAGG"
"CATTG"
"TCAAA"
"TAGTA"
"GCTGA"
"TTTCC"
"AAGTA"
"CGATA"
"AACGC"
"CGGGG"
"TGATA"
"TGCGG"
"ACTCA"
"GCTTT"
"GGTCA"
"TCGTA"
"GTCTG"
"TGACG"
"GGAAT"
"GGTCT"
"ACACA"
"AGCAA"
"GACTT"
"ACCGC"
"TGCTT"
"AGATC"
"AGAGA"
"ACGTG"
"ACAAA"
"GGTTT"
"GCGTC"
"TCGTT"
"TCGAC"
"ACTTT"
"GGTGG"
"TGGTC"
"AAAGA"
"CCATT"
"ATGTG"
"CCTTT"
"GCTGG"
"GTTTT"
"TCGTG"
"GGTGC"
"GGCTT"
"TTCAA"
"GTCTC"
"TCGAG"
"GGTTA"
"ACTGA"
"CGTCG"
"CCAGC"
"CTGCC"
"TTGTG"
"TTGTT"
"TATAT"
"TTCTC"
"TCCGA"
"TCATG"
"GGCAA"
"GTAGA"
"GTTGA"
"GGTGT"
"CCATG"
"CATTG"
"TTGAA"
"GAACA"
"ATATC"
"AGCCT"
"GGGGC"
"CACGA"
"CCCCG"
"CCAAC"
"AGACT"
"GGAGC"
"TGTCA"
"GGAAC"
"GATTT"
"TTAGG"
"TTAAT"
"CTGCT"
"TGCGT"
"TCCAA"
"CCGGG"
"CATGC"
"TCGCC"
"TTAAC"
"GGACT"
"GAAGT"
"ACACT"
"CAATG"
"TTATT"
"TGACC"
"GTATC"
"ACGTA"
"TGCAA"
"TAACT"
"ACGGG"
"GTAGT"
"TCGTA"
"GGGAA"
"TACAA"
"TCCCA"
"TCGCA"
"CATTC"
"CAAGT"
"TGTGT"
"TTGAG"
"CTTGA"
"TTTCT"
"GGTCC"
"ACAAG"
"GTGGA"
"CCGAC"
"TACCA"
"TGCAG"
"CCGGG"
"AACGG"
"CACTG"
"TCGAG"
"CAATC"
"GGATG"
"AACAA"
"ATTCA"
"ACGGT"
"TATAG"
"TTTGA"
"AAGAT"
"CCCGA"
"GCGCT"
"TCCGC"
"TACAA"
"TACTA"
"CCGGG"
"CTCAG"
"CCACC"
"ACGAG"
"GACGC"
"ACATA"
"GTTCT"
"GCGGG"
"TACAC"
"TTATA"
"CAGTG"
"ACCGG"
"CACCA"
"AGGTA"
"ATGTA"
"ATGAG"
"TGCGG"
"GCGCT"
"CACCT"
"GGATC"
"CAACC"
"AACTG"
"ACATT"
"CCGTT"
"GAGTA"
"CGCTA"
"TCGAC"
"TATGA"
"AATTC"
"TATGT"
"AATTC"
"CATGT"
"GGATT"
"TGACC"
"ACCGG"
"GGCTG"
"AGCAG"
"GATCT"
"CCCTC"
"TTTTT"
"CCGGA"
"CAATT"
"GGACT"
"CATTT"
"CCAAT"
"TGCTG"
"AGTGT"
"CATCC"
"CCCGT"
"AATAT"
"GCGCT"
"AGAGA"
"AAACA"
"ATGTG"
"GGTGT"
"TACTT"
"TCGTG"
"CATTT"
"CTGGG"
"ACCGC"
"GCAGT"
"AGACT"
"AACTT"
"AGAGG"
"GGAAA"
"CTGGT"
"GCACT"
"AGTTT"
"AAGCC"
"GCGCG"
"CACGT"
"TCAAC"
"TCGCC"
"ATCGA"
"ATGCC"
"TTCAT"
"TTCTC"
"GTCAG"
"TTTAA"
"GGCAA"
"GTTGG"
"CCATT"
"CAGTA"
"ACATC"
"GGTAG"
"AATAA"
"TAATC"
"GCCCA"
"AATGA"
"TGTCA"
"CAGAT"
"GTGAC"
"ATGGG"
"GGGCG"
"TCTAT"
"GGTTG"
"GTCGG"
"CACAG"
"TTCCT"
"AGATT"
"CCATA"
"CTGTG"
"ACCAT"
"CCCGC"
"CCAGG"
"GATCT"
"ACTGG"
"ATGGT"
"CATCC"
"TGCCA"
"TGCTT"
"CATAG"
"TAAGT"
"TCCGG"
"AACCC"
"GAGCC"
"TTTGA"
"CCCAG"
"ATTTA"
"CACTA"
"GAACA"
"CCGTC"
"GCTGG"
"ACCAG"
"AGTGT"
"TCGGT"
"GTCAG"
"CCCAG"
"GCCGT"
"GTTGT"
"ACGAT"
"TTGAA"
"TGTTT"
"AGGTG"
"CATTT"
"GGCCA"
"GGCGA"
"AGGAA"
"TGCTC"
"AACCC"
"CCGGA"
"CTCGG"
"TGTGC"
"ACGTT"
"GCATT"
"TGGTG"
"CAAAA"
"ATAGC"
"ACAGC"
"CCCTG"
"AGAAT"
"CCAGT"
"CTTGC"
"CCCGC"
"GATGA"
"ACGTC"
"CTCCT"
"GGAGC"
"GATAA"
"GAGAT"
"AATAT"
"GGCGG"
"CTCTG"
"CTGTT"
"CCGCG"
"ATCGT"
"CAGTC"
"GCTTC"
"CCCTC"
"ATAAA"
"ACGGG"
"CCAAC"
"GAATT"
"CCACC"
"TGGTC"
"ATTTT"
"GACGT"
"CCCAC"
"ACTTT"
"GATAA"
"GGATT"
"ATAGG"
"ATGCC"
"AGTCC"
"TTATT"
"GAAGG"
"ACATG"
"CCAAA"
"GTAAA"
"CAATC"
"TCCAA"
"GGATG"
"GATAG"
"ACGGA"
"AACGC"
"AGTCC"
"AGGTT"
"ACATG"
"TATTT"
"CAGCT"
"CCTCT"
"GAGGA"
"GACCA"
"TCATA"
"GCTAC"
"CCGGT"
"CCCGA"
"GTGCA"
"CCGGC"
"TATGT"
"TGTCT"
"GTAGG"
"ATGGT"
"CCTGG"
"TCAAC"
"AAGAG"
"TCGAG"
"CCGGG"
"GCACT"
"ATCAG"
"TATCT"
"CCACC"
"CAAAT"
"TATGG"
"CAGGG"
"TACAC"
"CTGTA"
"TGTAA"
"ACCGA"
"CCGTA"
"AAGCC"
"ACGGA"
"CATGC"
"ACACA"
"GGCTG"
"AGCAG"
"CTGTT"
"AGAAA"
"AGGAA"
"CCCCA"
"CTGTC"
"GGGGC"
"AACAC"
"AAACA"
"GCACT"
"TGGGG"
"TGCCT"
"TTTAA"
"TATAT"
"CTGGG"
"ATCAC"
"AGAGC"
"ACCGA"
"CTCCT"
"CTACC"
"AAATA"
"GCACC"
"AATGA"
"TCGCA"
"GCCGG"
"TGCAT"
"ACGTA"
"ATGAT"
"AGAGT"
"TTGTC"
"GTAAT"
"ATGTG"
"TAAAA"
"CCTGT"
"CAGAC"
"AGCTT"
"GTTAA"
"ATTTA"
"CAGGT"
"TCACT"
"ACTTT"
"CTCGG"
"TAGGG"
"CACCC"
"ACATT"
"TTTTG"
"ACCAA"
"GCGGT"
"TCGTC"
"ACGGG"
"TACCT"
"CAGTG"
"AGTTG"
"GAGTG"
"GGTGC"
"AGACT"
"TATTA"
"GTGTA"
"CTGTG"
"CACCT"
"GGACG"
"CATCA"
"TACCC"
"TGGCT"
"TGCAA"
"TTGTA"
"AAAAT"
"GGAGA"
"TACGA"
"CACAC"
"GAGAA"
"TTGGA"
"ATAGG"
"GAACA"
"AGGGA"
"CCACC"
"TCCTG"
"ACATT"
"ACCTC"
"AAGCT"
"GCAGC"
"CCGCC"
"CCTAA"
"GACAA"
"CCCGT"
"TCTGC"
"TGCAT"
"TGCGG"
"GTGGT"
"CTATT"
"AATAA"
"CCACC"
"TTAAA"
"TGAAC"
"AAATA"
"TCCCT"
"TGGTT"
"GTGAA"
"AACGA"
"AAGAT"
"CTCTA"
"CACTC"
"CTGTA"
"TTTTT"
"CTTAC"
"GTTCT"
"CTTTG"
"CGCGC"
"ACGTG"
"TTACA"
"GAACC"
"GAGCA"
"AGGAA"
"ACACT"
"CGGCG"
"TGTGT"
"CCTTT"
"ACGGC"
"TAGGA"
"GGGAA"
"AATGG"
"TCATT"
"AAAAC"
"TCATA"
"ATTTT"
"TCGCA"
"AGACA"
"GATCC"
"CCATT"
"AAAAA"
"CTTGG"
"AATGA"
"CAGAT"
"AGCTC"
"CGTTT"
"TCTTG"
"CAGCA"
"GATGG"
"CCGTT"
"GCGGA"
"TCATT"
"AATGT"
"CCGCC"
"CCCCT"
"TCCGC"
"GGACG"
"CAGAC"
"TTTGC"
"TTTGA"
"AGCGC"
"TCAGT"
"ACCCA"
"GCGTG"
"TAATA"
"TACTG"
"CATTT"
"GAGAG"
"ATTTA"
"AGGAA"
"GCTGG"
"GAGAG"
"AGCGG"
"GGGAT"
"CTGTG"
"TCCGC"
"CAAAC"
"CACGT"
"AGTTA"
"GGGGT"
"CACGC"
"GTGTA"
"CGGGT"
"GGTGC"
"GCGTA"
"GACGA"
"TTCAT"
"TCGTG"
"CCACA"
"TCACC"
"TTCCC"
"GGCGC"
"CAGAA"
"TGAGT"
"TCATG"
"TAATT"
"ATACC"
"ATTTC"
"CCGAG"
"TTCTT"
"CCAAG"
"AGAAC"
"TACGA"
"CTCGG"
"TTCCC"
"GATAG"
"TTGGT"
"GCGCG"
"AGCGG"
"TTCCA"
"ACGGC"
"GACTT"
"CTCTT"
"ACACG"
"CGAAT"
"GCATG"
"ACCAT"
"TTCTG"
"TTAAA"
"AACAT"
"CTATT"
"TGGTC"
"GCTGC"
"TGTGA"
"CACGC"
"GCAGG"
"AGCTA"
"TGGTG"
"CACCC"
"GGGTG"
"TTGGC"
"GCGGA"
"ACGGA"
"CCAAG"
"CATGT"
"GTATG"
"TTATA"
"AGCGT"
"CATTT"
"TTGGC"
"GCACA"
"CCAAG"
"GATGT"
"AAGGT"
"TGGCA"
"TGGGG"
"GGTGG"
"GGACA"
"CCTTT"
"TGAAG"
"GAGAT"
"TATAC"
"TGGGA"
"TACCG"
"GGGAG"
"TTTTT"
"CAACA"
"ACGTG"
"CCTGC"
"TCCGG"
"GCGAT"
"AATAA"
"CATGC"
"CAGTT"
"TCTGC"
"GGGGT"
"AAGGA"
"GCAGT"
"TCCAA"
"GTCAT"
"TAGAA"
"ACTGC"
"ACATT"
"TGACA"
"AGGCA"
"TGTTC"
"TAGGT"
"TTACC"
"AGTGA"
"AATGA"
"CAATC"
"GGGGC"
"CACAG"
"TTCGT"
"CACAC"
"ACCGT"
"GACGC"
"ATCCT"
"CTCGG"
"TCCCC"
"GAATT"
"CCTGA"
"CACTA"
"GAGAC"
"ACGCT"
"GGACA"
"CAGGC"
"CACCT"
"CATAG"
"TCTGC"
"CCTCT"
"TAGAA"
"TATAA"
"GAGTG"
"TTTCT"
"GCCTC"
"TGGAA"
"AACAT"
"ATCCT"
"GCATG"
"TGACT"
"ATGAG"
"ATATC"
"AGGAG"
"AACGT"
"CCCCC"
"GTCTG"
"GCGAG"
"CCCAT"
"CCATC"
"ACAGC"
"TTATT"
"GCGGG"
"CTGTG"
"TGAGC"
"CAGTA"
"TCTTC"
"ACCGA"
"TCGTG"
"TCGGG"
"GAACT"
"TATAA"
"AAACC"
"TCTTT"
"TCCAT"
"GCAAG"
"GACCA"
"GAAGA"
"GGAGG"
"TAGAG"
"TATCT"
"TCTCT"
"GCAGA"
"ATAAT"
"ATGGT"
"GTGGC"
"TTTCT"
"AAGGA"
"GAGGT"
"CGGGC"
"CCCGC"
"ATATG"
"AGCGC"
"AGTTC"
